nan,-1.081081081081078886e-02,nan,nan,2.084942084942091947e-02,nan,nan,nan,nan,-5.791505791505779932e-03,nan,-2.586872586872581564e-02,nan,nan,nan,nan,nan,nan,nan,nan,nan,nan,nan,nan,nan,nan,nan,nan,nan,nan,nan,nan,nan,nan,-1.814671814671810907e-02,nan,nan,nan,nan,nan,nan,9.266409266409291953e-03,nan,7.722007722007706793e-04,nan,nan,nan,nan,nan,nan,nan,nan,nan,nan,nan,nan,nan,nan,nan,-4.826254826254825631e-02,nan,nan,1.544401544401585811e-03,nan,7.722007722007729127e-03
nan,nan,nan,nan,nan,nan,7.392996108949390077e-03,nan,-7.003891050583655256e-03,nan,nan,nan,-1.011673151750971424e-02,nan,nan,nan,nan,nan,nan,nan,nan,-6.225680933852140511e-03,nan,nan,nan,nan,nan,nan,nan,nan,nan,nan,nan,nan,nan,nan,nan,nan,nan,nan,nan,6.614785992217875332e-03,nan,nan,nan,nan,nan,nan,-7.003891050583655256e-03,nan,nan,nan,-3.112840466926081098e-03,nan,nan,nan,nan,nan,nan,nan,2.334630350194544235e-03,nan,1.595330739299609737e-02,nan,-4.669260700389111021e-03
nan,nan,nan,nan,nan,nan,nan,nan,nan,nan,9.619238476953917774e-03,nan,nan,nan,nan,nan,nan,nan,nan,4.809619238476958887e-03,nan,nan,nan,nan,nan,nan,nan,nan,nan,-7.214428857715437897e-03,nan,nan,nan,nan,nan,nan,nan,nan,nan,nan,nan,4.008016032064132044e-04,1.122244488977957103e-02,nan,1.603206412825652818e-03,nan,nan,nan,nan,nan,nan,nan,nan,nan,nan,nan,nan,1.843687374749500979e-02,nan,nan,9.218436873747504895e-03,4.008016032064132044e-04,1.162324649298598390e-02,nan,nan
nan,nan,nan,nan,nan,nan,nan,nan,nan,nan,nan,nan,nan,nan,nan,nan,nan,nan,nan,nan,nan,7.335907335907321074e-03,nan,nan,nan,nan,nan,nan,nan,-5.791505791505779932e-03,nan,nan,-4.440892098500626408e-17,nan,nan,nan,nan,nan,nan,nan,nan,9.652509652509633220e-03,nan,nan,nan,nan,nan,nan,nan,nan,nan,4.633204633204624293e-03,1.312741312741310187e-02,nan,nan,nan,1.776061776061772443e-02,nan,nan,nan,nan,nan,1.814671814671813335e-02,1.776061776061770361e-02,3.088803088803038048e-03
nan,nan,nan,nan,nan,nan,nan,nan,nan,nan,nan,nan,1.589147286821708180e-02,nan,nan,nan,nan,nan,nan,nan,nan,nan,nan,nan,nan,nan,nan,nan,nan,nan,nan,nan,nan,nan,nan,nan,nan,1.395348837209304735e-02,nan,nan,nan,1.317829457364343496e-02,nan,nan,nan,nan,8.139534883720943997e-03,3.875968992248956971e-04,nan,nan,-1.162790697674353970e-03,nan,nan,1.550387596899272056e-03,nan,nan,2.596899224806206025e-02,nan,nan,1.937984496124101020e-03,nan,nan,nan,2.558139534883725405e-02,nan
nan,nan,nan,nan,nan,nan,nan,nan,nan,nan,nan,nan,nan,nan,nan,nan,nan,nan,nan,-4.263565891472831729e-03,-7.751937984496093566e-03,nan,nan,nan,nan,nan,nan,nan,nan,nan,nan,nan,nan,nan,nan,nan,1.744186046511631005e-02,-1.162790697674398422e-03,-1.124031007751935540e-02,nan,nan,2.519379844961244785e-02,-3.875968992247846748e-04,nan,nan,-1.434108527131776681e-02,nan,nan,nan,nan,nan,nan,nan,nan,nan,nan,nan,nan,nan,-2.286821705426351700e-02,-9.302325581395298401e-03,nan,nan,nan,nan
nan,-9.727626459144000232e-03,nan,1.011673151750966913e-02,nan,nan,nan,nan,nan,-1.089494163424131745e-02,nan,nan,nan,nan,nan,nan,nan,nan,nan,nan,nan,-1.206225680933856702e-02,nan,nan,nan,nan,nan,nan,nan,nan,nan,nan,nan,nan,1.984435797665362600e-02,nan,nan,nan,nan,nan,nan,nan,nan,nan,nan,nan,nan,1.517509727626453753e-02,nan,nan,nan,nan,-5.447470817120670002e-03,5.447470817120536428e-03,nan,nan,nan,nan,nan,-1.206225680933856702e-02,nan,nan,nan,nan,1.245136186770423592e-02
nan,nan,nan,nan,nan,nan,nan,nan,-8.301886792452828692e-03,nan,nan,-1.660377358490567820e-02,-1.320754716981134037e-02,nan,nan,nan,nan,nan,nan,nan,nan,nan,nan,nan,nan,nan,nan,nan,nan,-2.716981132075475466e-02,nan,nan,nan,nan,nan,nan,nan,-1.132075471698135161e-03,-1.509433962264150652e-03,nan,nan,9.433962264150941301e-03,nan,nan,-2.415094339622645553e-02,nan,nan,nan,nan,nan,nan,-8.301886792452828692e-03,nan,nan,nan,nan,nan,nan,nan,nan,1.886792452830188260e-02,nan,nan,nan,nan
nan,nan,nan,nan,nan,nan,nan,nan,nan,nan,nan,nan,nan,nan,nan,nan,nan,nan,nan,nan,nan,nan,nan,nan,nan,nan,nan,nan,nan,-3.795066413662784408e-04,nan,nan,nan,nan,nan,nan,nan,9.108159392789328193e-03,2.277039848197293017e-03,nan,nan,7.590132827324014069e-04,nan,-7.210626185958290794e-03,nan,nan,-1.366223908918411459e-02,nan,nan,nan,nan,-2.125237191650859378e-02,nan,nan,nan,nan,nan,nan,nan,-2.220446049250313204e-17,nan,nan,1.138519924098666501e-02,nan,-1.252371916508541148e-02
nan,nan,nan,nan,nan,7.751937984496138018e-04,nan,nan,nan,nan,nan,nan,nan,nan,nan,nan,nan,nan,nan,nan,nan,3.875968992248069009e-04,nan,nan,nan,nan,nan,nan,nan,nan,nan,nan,nan,nan,nan,nan,nan,nan,nan,nan,-5.038759689922489224e-03,nan,1.937984496124034450e-03,nan,nan,-1.007751937984497845e-02,nan,nan,nan,nan,nan,nan,nan,nan,nan,nan,-1.472868217054266148e-02,nan,nan,nan,-1.085271317829459257e-02,nan,-5.038759689922489224e-03,-1.007751937984497845e-02,-1.240310077519382083e-02
nan,4.642166344293974060e-03,nan,nan,1.547388781431331337e-02,3.481624758220491604e-03,1.934235976789144872e-03,nan,nan,nan,nan,nan,nan,nan,nan,nan,nan,nan,nan,nan,nan,1.160541586073498069e-02,nan,nan,nan,nan,nan,nan,nan,nan,nan,nan,nan,nan,nan,nan,nan,3.481624758220469486e-03,nan,nan,nan,nan,nan,nan,nan,nan,nan,nan,nan,nan,nan,nan,nan,nan,-2.011605415860737850e-02,nan,-1.779497098646036848e-02,nan,nan,-2.437137330754355485e-02,nan,nan,nan,-1.895551257253389604e-02,nan
nan,nan,nan,nan,nan,nan,nan,nan,nan,nan,nan,nan,1.156716417910446174e-02,nan,nan,nan,nan,nan,nan,nan,nan,nan,nan,nan,nan,nan,nan,nan,nan,-6.716417910447769826e-03,nan,nan,nan,nan,4.477611940298520735e-03,nan,nan,1.007462686567164346e-02,9.328358208955233460e-03,nan,nan,1.156716417910448255e-02,nan,nan,nan,nan,nan,nan,nan,nan,nan,nan,nan,nan,-1.641791044776121783e-02,-1.604477611940298074e-02,nan,nan,nan,-2.985074626865658227e-03,-1.417910447761194792e-02,nan,nan,nan,nan
nan,nan,nan,nan,nan,nan,nan,nan,nan,nan,nan,-1.691729323308275440e-02,nan,nan,-1.503759398496273868e-03,nan,nan,nan,nan,nan,nan,nan,nan,nan,nan,nan,nan,nan,nan,-2.255639097744399635e-03,nan,nan,nan,nan,nan,nan,nan,2.481203007518793108e-02,8.646616541353324345e-03,nan,nan,1.616541353383455989e-02,nan,nan,-1.127819548872221935e-03,nan,nan,nan,nan,nan,nan,nan,2.781954887218041073e-02,nan,nan,nan,nan,nan,nan,nan,nan,nan,6.766917293233043647e-03,1.729323308270673890e-02,nan
nan,nan,nan,nan,nan,nan,nan,nan,nan,4.914933837429113703e-03,nan,nan,nan,nan,nan,nan,nan,nan,nan,nan,nan,nan,nan,nan,nan,nan,nan,nan,nan,nan,nan,nan,nan,nan,nan,nan,nan,nan,4.914933837429136254e-03,nan,nan,-3.780718336483923810e-03,2.646502835538755601e-03,nan,nan,2.117202268431004480e-02,nan,nan,nan,nan,nan,nan,1.852551984877128660e-02,nan,1.361058601134215208e-02,5.293005671077511201e-03,nan,nan,nan,nan,-1.134215500945190327e-03,nan,nan,nan,1.247637051039698387e-02
nan,nan,nan,nan,nan,5.555555555555535818e-03,nan,nan,nan,nan,nan,nan,nan,nan,nan,nan,nan,nan,nan,nan,nan,nan,nan,nan,nan,nan,nan,nan,nan,nan,nan,nan,nan,nan,nan,nan,-1.309523809523811463e-02,2.380952380952372494e-03,3.571428571428558740e-03,nan,nan,nan,nan,nan,nan,nan,-1.706349206349211389e-02,nan,nan,nan,nan,-2.976190476190476719e-02,-2.579365079365081304e-02,-1.150793650793655552e-02,nan,nan,nan,nan,nan,-2.380952380952416729e-03,nan,nan,7.936507936507908312e-03,nan,nan
nan,nan,nan,nan,nan,nan,nan,nan,nan,nan,nan,nan,nan,nan,nan,nan,nan,nan,nan,nan,nan,nan,nan,nan,nan,nan,nan,nan,nan,nan,nan,nan,nan,nan,nan,nan,nan,7.450980392156925265e-03,8.627450980392215377e-03,5.882352941176538161e-03,-3.529411764705869901e-03,nan,nan,nan,nan,nan,1.372549019607849363e-02,nan,nan,nan,nan,1.450980392156868762e-02,nan,nan,nan,nan,nan,nan,nan,6.274509803921635154e-03,7.843137254902154531e-04,nan,nan,7.058823529411806588e-03,1.098039215686279560e-02
nan,nan,nan,nan,nan,nan,4.588910133843193337e-03,nan,nan,nan,nan,nan,nan,nan,nan,-1.529636711281101525e-03,-2.370936902485660733e-02,nan,nan,nan,-1.835564053537288437e-02,nan,-2.332695984703634512e-02,nan,nan,nan,nan,nan,nan,nan,nan,nan,nan,nan,nan,-1.873804971319315005e-02,nan,nan,nan,nan,nan,-3.059273422562158815e-03,nan,nan,nan,nan,nan,nan,nan,nan,nan,-6.118546845124273395e-03,nan,nan,nan,nan,nan,nan,nan,1.529636711281057073e-03,2.294455066921585826e-03,nan,nan,nan,nan
1.647509578544059661e-02,nan,nan,nan,nan,-1.149425287356331581e-03,6.513409961685812100e-03,nan,nan,nan,nan,nan,nan,nan,nan,nan,nan,nan,nan,nan,nan,nan,1.532567049808419846e-03,nan,nan,nan,nan,nan,nan,nan,nan,nan,nan,nan,nan,nan,nan,1.532567049808397728e-03,nan,-7.662835249042432078e-04,nan,nan,nan,nan,nan,nan,nan,nan,nan,nan,nan,nan,nan,nan,nan,nan,-1.379310344827586708e-02,nan,nan,nan,-1.340996168582377947e-02,nan,6.896551724137922265e-03,-1.149425287356322690e-02,nan
nan,nan,nan,nan,nan,2.755905511811018813e-03,nan,nan,nan,nan,nan,-4.330708661417314968e-03,nan,nan,nan,nan,nan,nan,nan,nan,nan,nan,nan,nan,nan,nan,nan,nan,nan,nan,nan,nan,nan,nan,-1.181102362204722311e-02,nan,nan,1.574803149606296372e-03,5.118110236220463696e-03,nan,nan,nan,nan,nan,nan,nan,nan,7.874015748031481859e-04,nan,nan,nan,-3.937007874015741038e-03,nan,-7.874015748031482076e-03,nan,nan,nan,nan,nan,4.724409448818888899e-03,nan,nan,nan,nan,7.480314960629908146e-03
nan,3.082851637764927322e-02,nan,nan,nan,1.811175337186894316e-02,nan,nan,nan,9.248554913294770516e-03,nan,nan,nan,nan,nan,nan,2.581888246628125799e-02,nan,nan,nan,nan,nan,2.273603082851631887e-02,nan,nan,nan,nan,nan,nan,nan,nan,nan,nan,nan,nan,2.273603082851631887e-02,nan,nan,nan,nan,nan,6.936416184971050565e-03,nan,nan,nan,nan,nan,nan,nan,nan,nan,2.119460500963388228e-02,nan,nan,nan,nan,nan,nan,nan,2.312138728323631480e-03,nan,nan,nan,1.502890173410400577e-02,nan
nan,nan,nan,nan,nan,nan,nan,nan,nan,nan,nan,nan,nan,nan,nan,nan,nan,nan,nan,nan,nan,nan,nan,nan,nan,nan,nan,nan,nan,nan,nan,nan,nan,nan,nan,nan,nan,-1.038461538461534807e-02,7.692307692307665196e-04,nan,nan,nan,nan,nan,-1.923076923076916245e-03,nan,2.692307692307682656e-03,nan,nan,nan,nan,nan,nan,nan,nan,nan,-3.769230769230767081e-02,-3.499999999999996170e-02,nan,-1.923076923076918326e-02,-3.807692307692304989e-02,nan,-3.076923076923066078e-03,-4.076923076923073819e-02,nan
nan,nan,nan,nan,nan,nan,nan,nan,nan,-1.465346534653466648e-02,nan,nan,nan,nan,nan,nan,nan,nan,nan,nan,nan,nan,nan,nan,nan,nan,nan,nan,nan,nan,nan,nan,nan,nan,nan,nan,nan,-3.960396039603963914e-04,2.772277227722774740e-03,nan,-2.811881188118814379e-02,nan,nan,nan,nan,nan,-1.148514851485149535e-02,nan,nan,nan,nan,nan,nan,-2.138613861386140513e-02,nan,nan,nan,nan,nan,-5.148514851485153088e-03,7.920792079207927827e-04,nan,7.920792079207927827e-03,nan,-6.732673267326738653e-03
nan,nan,nan,nan,nan,-1.568627450980386671e-03,nan,nan,nan,nan,nan,-1.450980392156857660e-02,nan,nan,nan,nan,nan,nan,nan,nan,nan,nan,nan,nan,nan,nan,nan,nan,nan,nan,nan,nan,nan,nan,1.960784313725505348e-03,nan,nan,nan,nan,nan,nan,-7.450980392156835927e-03,nan,nan,nan,nan,nan,2.745098039215721018e-03,nan,nan,nan,nan,nan,nan,nan,nan,-2.078431372549018746e-02,nan,nan,-2.117647058823528619e-02,-1.803921568627446861e-02,nan,nan,-2.196078431372545589e-02,5.882352941176516477e-03
nan,nan,nan,nan,nan,-2.264150943396226086e-03,nan,nan,nan,nan,nan,nan,-9.811320754716978260e-03,nan,nan,nan,nan,nan,nan,nan,nan,nan,nan,nan,nan,nan,nan,nan,nan,nan,nan,nan,nan,nan,-2.264150943396225912e-02,nan,nan,nan,nan,nan,nan,-2.905660377358489782e-02,-1.396226415094339347e-02,nan,-1.999999999999999695e-02,nan,-2.264150943396225912e-02,nan,nan,nan,-1.132075471698112956e-02,nan,-1.811320754716980869e-02,nan,nan,nan,nan,nan,nan,-9.811320754716978260e-03,nan,nan,nan,nan,nan
-3.846153846153832598e-04,nan,nan,nan,nan,nan,nan,nan,-3.461538461538449067e-03,nan,nan,nan,-4.999999999999981889e-03,nan,nan,nan,-9.230769230769198669e-03,nan,-1.923076923076916245e-02,nan,nan,nan,nan,-2.538461538461538394e-02,nan,nan,-1.884615384615380071e-02,nan,nan,nan,nan,nan,nan,nan,nan,nan,nan,nan,nan,nan,nan,nan,-1.192307692307688002e-02,-1.346153846153841371e-02,nan,nan,nan,nan,nan,nan,nan,nan,nan,nan,nan,nan,nan,nan,nan,nan,nan,nan,nan,nan,-8.461538461538431824e-03
nan,nan,nan,nan,nan,nan,nan,nan,7.619047619047569601e-03,nan,nan,1.828571428571423851e-02,-9.523809523809555894e-03,nan,nan,nan,nan,nan,nan,nan,nan,nan,nan,nan,nan,nan,nan,nan,nan,nan,nan,nan,nan,nan,nan,nan,1.180952380952375938e-02,nan,nan,nan,nan,3.695238095238091713e-02,nan,nan,nan,nan,nan,9.142857142857096706e-03,nan,nan,nan,1.257142857142852163e-02,nan,nan,nan,nan,nan,nan,nan,2.057142857142852874e-02,3.390476190476184037e-02,nan,nan,nan,1.904761904761902505e-02
nan,nan,nan,nan,nan,nan,nan,nan,nan,nan,nan,-8.064516129032205799e-03,nan,nan,nan,nan,nan,nan,nan,nan,nan,nan,nan,nan,nan,nan,nan,nan,nan,-9.274193548387077088e-03,nan,nan,nan,nan,nan,nan,nan,1.008064516129036914e-02,-9.677419354838656326e-03,nan,nan,nan,2.217741935483872467e-02,1.532258064516132078e-02,nan,nan,nan,nan,nan,nan,-1.209677419354804285e-03,nan,nan,nan,nan,nan,nan,nan,nan,2.419354838709741710e-03,2.983870967741941715e-02,nan,1.774193548387101999e-02,nan,nan
nan,nan,nan,nan,2.404371584699456152e-02,nan,nan,nan,nan,nan,3.278688524590189952e-03,3.278688524590212070e-03,nan,nan,-1.493624772313293346e-02,nan,nan,nan,nan,nan,nan,nan,nan,nan,nan,nan,nan,nan,nan,-2.149362477231324745e-02,4.735883424408049262e-03,nan,nan,nan,nan,nan,nan,nan,nan,nan,nan,8.743169398907135043e-03,nan,6.193078324225909440e-03,nan,nan,nan,nan,nan,nan,nan,nan,nan,nan,nan,nan,nan,nan,nan,nan,nan,nan,5.464480874316990193e-03,-3.642987249544260672e-04,nan
nan,nan,nan,nan,nan,2.762645914396886365e-02,1.128404669260696380e-02,nan,nan,nan,nan,1.050583657587547161e-02,nan,nan,nan,nan,nan,nan,nan,nan,nan,nan,nan,nan,nan,nan,nan,nan,nan,nan,nan,nan,nan,nan,nan,nan,nan,nan,nan,nan,7.392996108949412629e-03,1.206225680933847855e-02,nan,3.190661478599219475e-02,-3.891050583657795986e-04,nan,nan,nan,nan,nan,nan,nan,nan,nan,nan,nan,2.023346303501944929e-02,nan,nan,8.949416342412442119e-03,nan,nan,nan,3.463035019455249636e-02,nan
nan,nan,nan,nan,nan,nan,nan,nan,nan,nan,nan,nan,nan,nan,nan,nan,nan,nan,nan,nan,nan,nan,nan,nan,nan,nan,nan,nan,nan,-1.649899396378264743e-02,nan,nan,nan,nan,nan,nan,nan,2.213279678068415940e-02,2.012072434607681173e-03,nan,nan,1.810865191146886558e-02,nan,6.841046277666041134e-03,-1.810865191146875455e-02,nan,nan,nan,nan,nan,nan,nan,2.293762575452718000e-02,nan,nan,nan,nan,nan,nan,-1.207243460764528733e-03,3.018108651911472970e-02,nan,1.488933601609663225e-02,nan,nan
nan,nan,nan,-6.551059730250452691e-03,nan,1.233140655105977555e-02,nan,nan,nan,nan,1.271676300578039598e-02,nan,nan,nan,nan,nan,nan,nan,nan,nan,nan,-5.780346820809234391e-03,nan,nan,nan,nan,nan,nan,nan,-3.853564547205978741e-04,nan,nan,nan,nan,nan,nan,nan,nan,5.009633911368061195e-03,nan,nan,1.348747591522163683e-02,nan,nan,nan,-4.624277456647373982e-03,nan,nan,nan,nan,nan,nan,nan,nan,nan,nan,nan,nan,nan,nan,1.040462427745669771e-02,nan,nan,nan,-7.707129094411957482e-04
nan,nan,nan,nan,nan,nan,nan,nan,nan,nan,nan,-2.722117202268430416e-02,nan,nan,-2.306238185255200454e-02,nan,nan,nan,nan,nan,nan,nan,nan,nan,nan,nan,nan,nan,nan,-1.436672967863894534e-02,nan,nan,nan,nan,nan,nan,-1.285444234404537964e-02,-1.890359168241961905e-03,nan,nan,nan,5.293005671077511201e-03,nan,nan,nan,nan,nan,nan,nan,nan,nan,-7.561436672967869303e-03,nan,nan,nan,nan,nan,-6.427221172022679410e-03,nan,-1.625708884688090855e-02,-9.829867674858206589e-03,nan,nan,nan,nan
nan,nan,nan,nan,nan,nan,nan,nan,nan,nan,nan,nan,-1.235521235521244189e-02,nan,nan,nan,nan,nan,nan,nan,nan,nan,nan,nan,nan,nan,nan,nan,nan,-3.938223938223946174e-02,nan,nan,nan,nan,nan,nan,nan,nan,-3.861003861004519639e-04,nan,-1.776061776061783545e-02,nan,nan,-1.235521235521244189e-02,-2.355212355212361539e-02,nan,-1.814671814671822009e-02,nan,nan,nan,nan,nan,nan,-4.401544401544410512e-02,nan,nan,1.660231660231657053e-02,nan,nan,nan,nan,nan,nan,1.312741312741310187e-02,nan
nan,nan,nan,nan,nan,nan,nan,nan,nan,nan,nan,-3.690036900368997945e-03,nan,nan,nan,nan,nan,nan,nan,nan,nan,nan,nan,nan,nan,nan,nan,nan,nan,nan,nan,nan,nan,nan,nan,nan,nan,7.749077490774891261e-03,9.594095940959435770e-03,nan,1.476014760147581484e-03,nan,nan,nan,-1.586715867158670218e-02,nan,nan,nan,nan,nan,nan,nan,3.690036900368997945e-03,nan,-2.583025830258311832e-03,-3.321033210332102574e-03,nan,nan,nan,nan,-4.059040590405893316e-03,nan,2.583025830258311832e-03,nan,nan
nan,-4.830188679245293187e-02,nan,-3.849056603773585994e-02,nan,-1.849056603773584564e-02,nan,nan,nan,nan,nan,nan,nan,nan,nan,nan,nan,nan,nan,nan,nan,nan,nan,nan,nan,nan,nan,nan,nan,nan,nan,nan,-4.075471698113208863e-02,nan,nan,nan,-4.415094339622649411e-02,nan,6.415094339622640432e-03,nan,nan,5.283018867924526955e-03,nan,nan,nan,nan,nan,nan,nan,nan,-1.622641509433962043e-02,nan,-4.150943396226421112e-02,nan,nan,nan,nan,nan,nan,nan,6.415094339622640432e-03,nan,nan,nan,nan
2.801556420233459674e-02,nan,nan,1.400778210116731051e-02,nan,nan,1.206225680933850110e-02,nan,nan,nan,nan,nan,nan,nan,-6.614785992217919568e-03,nan,nan,nan,nan,nan,nan,nan,nan,nan,nan,nan,nan,nan,nan,nan,nan,nan,7.003891050583655256e-03,nan,nan,1.128404669260696380e-02,nan,nan,nan,nan,nan,nan,nan,nan,nan,nan,nan,nan,nan,nan,nan,2.334630350194544235e-03,nan,nan,nan,nan,2.334630350194550827e-02,nan,nan,-1.556420233463029490e-03,2.529182879377429513e-02,nan,nan,nan,nan
nan,nan,nan,nan,nan,nan,nan,nan,nan,nan,nan,nan,nan,nan,nan,nan,nan,nan,nan,-8.030592734225683316e-03,nan,nan,nan,nan,nan,nan,nan,nan,nan,nan,nan,nan,nan,nan,nan,nan,nan,7.648183556405308350e-03,nan,nan,nan,nan,nan,1.529636711281012838e-03,nan,nan,2.676864244741827652e-03,3.824091778202198702e-04,nan,nan,nan,-9.942638623327027317e-03,nan,3.059273422562114146e-03,nan,nan,8.795411089866122731e-03,nan,nan,nan,2.676864244741805534e-03,nan,nan,9.177820267686365857e-03,nan
nan,nan,nan,nan,nan,nan,nan,nan,nan,nan,nan,1.171874999999999957e-03,nan,nan,nan,nan,nan,nan,nan,nan,nan,nan,nan,nan,nan,nan,nan,nan,nan,nan,nan,nan,nan,nan,-1.484374999999999931e-02,nan,nan,7.812500000000000000e-03,nan,nan,nan,nan,8.593750000000000694e-03,nan,nan,-6.640624999999999827e-03,nan,nan,nan,nan,nan,nan,nan,nan,nan,nan,-9.374999999999999653e-03,nan,nan,-2.851562499999999931e-02,-1.132812499999999965e-02,nan,-4.296875000000000347e-03,-8.203125000000000347e-03,nan
nan,nan,nan,-4.705882352941159578e-03,nan,nan,nan,nan,nan,nan,nan,nan,nan,nan,nan,nan,nan,nan,nan,nan,nan,-1.333333333333330817e-02,nan,nan,nan,nan,nan,nan,nan,-2.980392156862745473e-02,nan,nan,nan,nan,nan,nan,nan,-3.215686274509803322e-02,nan,nan,nan,-5.882352941176471894e-02,nan,-5.098039215686256571e-03,-3.215686274509801240e-02,-8.235294117647029913e-03,nan,nan,nan,nan,nan,-7.450980392156858478e-03,nan,nan,nan,nan,nan,nan,nan,nan,nan,nan,-2.745098039215676348e-03,nan,nan
nan,7.797270955165469530e-04,nan,nan,1.325536062378163127e-02,nan,nan,nan,nan,7.797270955165247269e-04,nan,nan,nan,nan,nan,nan,nan,nan,nan,nan,nan,nan,4.288499025341119264e-03,nan,nan,nan,nan,nan,nan,nan,nan,nan,nan,nan,nan,nan,nan,2.105263157894734366e-02,nan,nan,-1.364522417153999322e-02,nan,nan,nan,nan,nan,nan,nan,nan,nan,nan,nan,nan,3.118908382066254599e-03,nan,nan,nan,nan,nan,8.576998050682261079e-03,1.910331384015591036e-02,nan,1.130604288499024133e-02,nan,nan
1.561904761904764349e-02,nan,nan,nan,nan,nan,nan,nan,nan,nan,1.142857142857143203e-02,nan,nan,nan,nan,nan,nan,nan,nan,-1.523809523809504986e-03,1.485714285714285696e-02,nan,nan,nan,nan,nan,nan,nan,nan,nan,nan,nan,nan,nan,nan,nan,nan,6.476190476190501685e-03,8.761904761904771091e-03,nan,nan,nan,1.485714285714285696e-02,nan,nan,nan,1.333333333333335327e-02,nan,nan,nan,nan,nan,nan,nan,nan,nan,nan,3.428571428571425359e-03,nan,nan,7.999999999999984554e-03,nan,nan,nan,nan
nan,nan,nan,nan,2.067594433399599918e-02,-4.373757455268423473e-03,nan,nan,nan,nan,1.471172962226638924e-02,nan,nan,nan,nan,nan,nan,nan,-7.952286282306153531e-03,nan,nan,nan,nan,nan,nan,nan,nan,nan,nan,-2.544731610337971212e-02,nan,nan,nan,nan,nan,nan,nan,1.669980119284293282e-02,nan,nan,-1.749502982107355858e-02,nan,nan,nan,nan,nan,nan,nan,nan,nan,nan,nan,-6.361829025844922825e-03,nan,nan,nan,nan,nan,nan,nan,-1.988071570576544021e-03,nan,nan,nan,-2.107355864811133461e-02
nan,nan,nan,nan,nan,-1.018867924528301695e-02,nan,nan,nan,nan,nan,nan,nan,nan,nan,nan,nan,nan,nan,nan,nan,nan,nan,nan,nan,nan,nan,nan,nan,nan,nan,nan,nan,nan,nan,nan,nan,-2.264150943396226086e-03,nan,nan,nan,-1.056603773584905391e-02,-6.792452830188677390e-03,nan,nan,-9.056603773584904343e-03,nan,nan,nan,nan,nan,-1.358490566037735478e-02,-1.132075471698112956e-02,nan,nan,nan,nan,nan,1.735849056603773130e-02,nan,-7.924528301886789999e-03,nan,1.132075471698112956e-02,nan,nan
nan,nan,nan,nan,nan,nan,nan,nan,nan,nan,nan,-2.519685039370085297e-02,-1.850393700787409529e-02,nan,nan,nan,nan,nan,nan,nan,nan,nan,nan,nan,nan,nan,nan,nan,nan,-1.692913385826779610e-02,nan,nan,nan,nan,nan,nan,nan,1.653543307086611375e-02,1.102362204724400760e-02,nan,nan,nan,nan,-1.220472440944890893e-02,nan,nan,-2.992125984251974360e-02,nan,nan,nan,-4.094488188976386223e-02,nan,nan,nan,nan,nan,nan,nan,nan,-5.511811023622059311e-03,nan,nan,8.661417322834629937e-03,nan,nan
nan,nan,nan,nan,nan,nan,-1.930501930501948762e-03,nan,nan,nan,nan,-1.081081081081089988e-02,nan,nan,nan,nan,nan,nan,nan,nan,nan,nan,nan,nan,nan,nan,nan,nan,nan,nan,nan,nan,nan,nan,-9.652509652509744242e-03,nan,nan,-7.722007722008150232e-04,nan,nan,nan,nan,nan,nan,nan,-6.563706563706639407e-03,nan,nan,nan,nan,nan,nan,-1.930501930501993214e-03,nan,nan,nan,3.474903474903467786e-03,nan,nan,nan,nan,nan,8.108108108108091211e-03,3.861003861003631135e-04,2.316602316602312146e-03
nan,nan,nan,nan,nan,nan,nan,nan,nan,nan,nan,nan,nan,nan,nan,nan,nan,nan,nan,nan,nan,nan,nan,nan,nan,nan,nan,nan,nan,nan,nan,nan,nan,nan,nan,nan,nan,5.780346820809256943e-03,4.624277456647396534e-03,nan,nan,nan,1.579961464354528999e-02,-1.387283236994221215e-02,-8.092485549132954342e-03,nan,6.165703275529832265e-03,nan,nan,nan,nan,nan,nan,-2.697495183044318259e-03,nan,nan,nan,nan,nan,3.853564547206156550e-03,nan,nan,1.579961464354526918e-02,nan,4.238921001926798660e-03
nan,nan,nan,nan,nan,nan,nan,nan,nan,nan,nan,nan,nan,nan,nan,nan,nan,nan,nan,nan,nan,nan,nan,nan,nan,nan,nan,nan,nan,-1.142857142857090034e-03,nan,nan,nan,nan,nan,nan,nan,nan,-3.123809523809519678e-02,nan,-1.371428571428567889e-02,-4.685714285714281946e-02,nan,nan,-2.057142857142852874e-02,nan,-2.476190476190471765e-02,nan,-8.761904761904703437e-03,nan,nan,nan,-1.447619047619044287e-02,nan,nan,nan,nan,nan,nan,-3.390476190476188201e-02,3.809523809523814031e-02,nan,nan,nan,nan
nan,nan,nan,nan,5.405405405405461217e-03,nan,nan,nan,nan,nan,nan,nan,nan,nan,nan,nan,nan,nan,nan,nan,nan,-1.930501930501926644e-02,nan,nan,nan,nan,nan,nan,nan,-4.903474903474902558e-02,nan,nan,-1.969111969111965108e-02,nan,-3.243243243243241342e-02,nan,nan,nan,nan,nan,nan,nan,nan,nan,nan,nan,nan,nan,-1.621621621621618242e-02,-1.042471042471040422e-02,nan,nan,nan,nan,nan,nan,nan,8.880308880308862216e-03,nan,nan,nan,nan,1.312741312741312269e-02,9.652509652509655771e-03,nan
nan,-8.510638297872375260e-03,nan,nan,nan,-3.868471953578356097e-03,nan,nan,-2.166344294003870116e-02,nan,nan,nan,1.160541586073500150e-02,nan,nan,nan,nan,nan,nan,nan,nan,nan,nan,nan,nan,nan,nan,nan,nan,-1.508704061895553908e-02,nan,nan,-1.547388781431335847e-02,nan,nan,nan,nan,nan,nan,nan,nan,nan,nan,nan,nan,nan,nan,nan,nan,nan,4.216634429400385742e-02,nan,-3.249516441005804307e-02,2.862669245647964100e-02,nan,nan,nan,nan,nan,-2.166344294003870116e-02,nan,nan,nan,nan,nan
nan,nan,nan,nan,nan,nan,nan,nan,nan,nan,nan,nan,-3.174603174603163325e-03,nan,nan,nan,nan,nan,nan,nan,nan,nan,nan,nan,nan,nan,nan,nan,nan,nan,nan,nan,nan,nan,-1.071428571428567622e-02,nan,-2.777777777777767909e-03,nan,1.031746031746034672e-02,nan,nan,1.031746031746032591e-02,nan,4.761904761904767538e-03,-5.555555555555535818e-03,nan,nan,nan,nan,nan,-1.825396825396820993e-02,nan,nan,nan,nan,nan,nan,nan,nan,nan,1.190476190476192839e-02,nan,1.984126984126986099e-02,nan,nan
nan,nan,nan,nan,nan,6.134969325153449837e-03,nan,nan,-1.104294478527600987e-02,nan,nan,nan,-1.472392638036803571e-02,nan,nan,nan,nan,nan,nan,1.840490797546014828e-02,nan,nan,nan,nan,nan,nan,nan,nan,nan,nan,nan,nan,nan,nan,-6.134969325153294580e-03,nan,nan,2.453987730061355649e-02,nan,nan,nan,nan,nan,nan,nan,nan,nan,-1.513292433537827275e-02,nan,nan,nan,nan,nan,-1.799591002044982277e-02,nan,nan,nan,nan,nan,-5.316973415132886412e-03,2.413087934560331771e-02,nan,nan,nan,nan
nan,nan,nan,nan,nan,nan,nan,nan,nan,nan,nan,-5.791505791505802483e-03,nan,nan,nan,nan,nan,nan,nan,nan,nan,nan,nan,nan,nan,nan,nan,nan,nan,nan,nan,nan,nan,nan,nan,nan,nan,2.046332046332042381e-02,-1.930501930501926644e-03,nan,nan,nan,5.791505791505779932e-03,nan,-2.007722007722008081e-02,nan,nan,-2.509652509652511229e-02,nan,nan,nan,3.861003861003853396e-04,-1.235521235521235342e-02,nan,nan,nan,nan,nan,nan,-4.517374517374515147e-02,-2.316602316602356382e-03,nan,nan,nan,nan
nan,nan,nan,nan,nan,nan,nan,nan,nan,-3.196881091617931325e-02,nan,-2.884990253411303524e-02,-3.274853801169586021e-02,nan,nan,nan,nan,nan,nan,nan,nan,nan,nan,nan,nan,nan,nan,nan,nan,-8.576998050682238528e-03,nan,nan,nan,nan,nan,nan,nan,3.898635477583178746e-04,-6.627680311890826910e-03,8.187134502924010154e-03,nan,-2.884990253411303524e-02,nan,nan,nan,nan,-3.898635477582843706e-02,nan,nan,nan,nan,nan,-3.274853801169588102e-02,nan,nan,nan,nan,nan,nan,nan,nan,nan,nan,nan,nan
nan,nan,nan,nan,nan,8.477842003853552216e-03,nan,nan,nan,nan,nan,nan,nan,nan,nan,2.851637764932562005e-02,nan,nan,nan,nan,nan,nan,nan,nan,nan,nan,nan,nan,nan,nan,nan,nan,nan,nan,nan,nan,nan,1.502890173410402833e-02,nan,nan,nan,nan,nan,nan,nan,nan,nan,1.926782273603078275e-03,nan,nan,-5.394990366088636517e-03,nan,nan,-6.936416184971072249e-03,nan,nan,2.003853564547206784e-02,nan,nan,9.633911368015390941e-03,nan,nan,nan,1.502890173410402833e-02,1.425818882466281003e-02
nan,nan,nan,nan,nan,nan,nan,nan,nan,nan,nan,nan,nan,nan,nan,nan,nan,nan,nan,nan,nan,nan,nan,nan,nan,nan,nan,nan,nan,nan,nan,nan,nan,nan,nan,nan,nan,-1.565557729941335864e-03,nan,nan,-3.131115459882627492e-03,2.739726027397249020e-03,nan,nan,-2.739726027397271137e-03,nan,nan,nan,nan,nan,nan,nan,8.219178082191747059e-03,nan,-1.839530332681020910e-02,-2.348336594911939329e-02,nan,nan,nan,-4.579256360078278604e-02,-1.839530332681022992e-02,nan,-2.152641878669279280e-02,nan,nan
nan,nan,nan,nan,nan,nan,nan,nan,nan,nan,nan,nan,nan,nan,nan,nan,nan,nan,-5.628517823639778324e-03,nan,1.125703564727942394e-03,nan,nan,nan,nan,nan,nan,nan,nan,nan,nan,nan,nan,nan,nan,nan,nan,nan,-3.302063789868665833e-02,nan,nan,1.350844277673546312e-02,nan,-1.463414634146342763e-02,7.504690431519911225e-04,nan,nan,nan,nan,nan,nan,-9.005628517823627624e-03,-1.238273921200749861e-02,nan,nan,nan,nan,nan,nan,1.988742964352720882e-02,3.377110694183871418e-03,nan,nan,nan,nan
nan,-3.483365949119376914e-02,nan,nan,nan,nan,nan,nan,nan,nan,nan,-2.348336594911941758e-02,-1.996086105675149922e-02,nan,nan,nan,nan,nan,nan,nan,nan,nan,nan,nan,nan,nan,nan,nan,nan,-5.988258317025443173e-02,nan,nan,nan,nan,nan,nan,nan,1.369863013698626765e-02,-2.074363992172214427e-02,nan,nan,-2.309197651663408291e-02,nan,nan,-1.369863013698633357e-02,nan,-6.497064579256361938e-02,nan,nan,nan,nan,nan,-5.009784735812135292e-02,nan,nan,nan,nan,nan,nan,nan,nan,nan,nan,nan,nan
nan,nan,nan,nan,nan,-9.774436090225591817e-03,nan,nan,nan,nan,nan,-1.015037593984966478e-02,nan,nan,nan,nan,nan,nan,nan,nan,nan,nan,nan,nan,nan,nan,nan,nan,nan,nan,nan,nan,nan,nan,nan,nan,-1.390977443609025047e-02,nan,-1.503759398496273868e-03,nan,-1.127819548872182123e-02,-6.390977443609058284e-03,nan,nan,nan,nan,-1.240601503759402105e-02,nan,nan,nan,nan,nan,nan,-1.240601503759399850e-02,nan,nan,nan,nan,nan,nan,3.383458646616510548e-03,nan,nan,nan,-7.894736842105287700e-03
nan,nan,nan,nan,nan,5.747126436781635136e-03,nan,nan,nan,nan,nan,-2.337164750957849632e-02,nan,nan,nan,nan,nan,nan,nan,nan,nan,nan,nan,nan,nan,nan,nan,nan,nan,nan,nan,nan,nan,nan,nan,nan,nan,-1.149425287356287129e-03,-1.685823754789270851e-02,nan,nan,-1.417624521072795643e-02,nan,-7.279693486590010747e-03,nan,nan,-1.685823754789268422e-02,nan,nan,nan,nan,-1.455938697318004404e-02,nan,nan,nan,nan,nan,nan,nan,nan,-3.831417624521038338e-03,nan,nan,nan,-7.662835249041766378e-04
1.612284069097893319e-02,nan,nan,nan,nan,nan,1.074856046065264525e-02,nan,nan,-1.228406909788861724e-02,1.228406909788872826e-02,-3.454894433781152512e-03,nan,nan,nan,nan,nan,nan,nan,nan,nan,nan,nan,nan,nan,nan,nan,nan,nan,nan,nan,nan,nan,nan,nan,nan,nan,1.036468330134359198e-02,nan,nan,nan,nan,nan,nan,nan,nan,-1.036468330134352432e-02,nan,nan,nan,nan,-3.838771593090095852e-04,nan,-2.034548944337806128e-02,nan,nan,nan,nan,nan,nan,nan,nan,nan,nan,-6.142034548944286070e-03
1.532416502946953862e-02,nan,nan,nan,nan,nan,nan,nan,nan,nan,2.357563850687620713e-02,nan,nan,-6.661338147750938996e-17,-5.500982318271141827e-03,1.178781925343810356e-02,nan,nan,nan,nan,nan,nan,nan,nan,nan,3.143418467583458751e-03,nan,nan,nan,nan,nan,nan,nan,nan,nan,nan,nan,nan,nan,nan,5.108055009823142534e-03,nan,nan,nan,nan,nan,nan,nan,nan,nan,nan,nan,-4.440892098500626408e-17,nan,nan,nan,nan,nan,7.072691552062848434e-03,-2.357563850687638407e-03,nan,nan,nan,nan,nan
nan,nan,nan,nan,nan,nan,nan,nan,nan,nan,nan,-1.379310344827586708e-02,nan,nan,-1.839080459770116999e-02,nan,nan,nan,nan,nan,nan,nan,nan,nan,nan,nan,nan,nan,nan,nan,nan,nan,nan,nan,nan,nan,nan,4.597701149425282088e-03,3.831417624520660928e-04,nan,nan,5.363984674329480735e-03,-3.831417624521327170e-04,nan,nan,nan,nan,nan,nan,nan,nan,3.831417624521060890e-03,nan,nan,nan,nan,nan,nan,nan,-4.176245210727971141e-02,7.662835249041766378e-04,nan,nan,nan,1.149425287356309246e-03
nan,nan,nan,nan,1.132075471698112956e-02,nan,nan,nan,nan,nan,nan,nan,nan,nan,nan,nan,nan,nan,nan,7.924528301886789999e-03,nan,nan,nan,nan,nan,nan,nan,nan,nan,nan,nan,nan,nan,nan,nan,nan,-2.641509433962263478e-03,6.415094339622640432e-03,nan,nan,-6.792452830188677390e-03,1.207547169811320521e-02,nan,nan,nan,nan,-1.132075471698112956e-02,nan,nan,nan,0.000000000000000000e+00,nan,nan,nan,nan,nan,nan,nan,nan,nan,1.094339622641509260e-02,nan,1.283018867924528086e-02,nan,nan
nan,nan,nan,nan,nan,nan,nan,nan,nan,nan,nan,-6.909788867562327574e-03,nan,nan,nan,nan,nan,nan,nan,4.990403071017279757e-03,nan,nan,nan,nan,nan,nan,nan,nan,nan,nan,nan,nan,nan,nan,nan,nan,nan,1.113243761996165516e-02,nan,nan,nan,nan,nan,-3.071017274472143035e-03,nan,nan,nan,nan,nan,nan,nan,nan,1.919385796545136722e-03,-5.374280230326267116e-03,nan,nan,-6.525911708253317664e-03,nan,nan,-8.061420345489400674e-03,-3.838771593090162422e-03,nan,5.374280230326333903e-03,nan,nan
nan,2.162162162162157772e-02,nan,nan,nan,nan,nan,nan,nan,nan,nan,-1.351351351351357498e-02,nan,nan,nan,nan,nan,nan,nan,nan,nan,nan,nan,nan,nan,nan,nan,nan,nan,8.108108108108091211e-03,nan,nan,3.706563706563701516e-02,nan,nan,nan,2.664092664092656410e-02,nan,nan,nan,nan,4.247104247104238790e-03,nan,nan,-1.119691119691128625e-02,nan,nan,nan,nan,nan,nan,nan,-7.722007722008372493e-04,nan,nan,nan,nan,nan,nan,nan,3.976833976833971107e-02,nan,nan,2.779922779922776657e-02,nan
nan,nan,nan,-1.828571428571428362e-02,nan,nan,nan,nan,nan,nan,nan,-1.142857142857140948e-02,nan,nan,nan,nan,nan,nan,nan,nan,nan,-1.828571428571428362e-02,nan,nan,nan,nan,nan,nan,nan,nan,nan,nan,-1.104761904761903876e-02,nan,nan,nan,nan,9.904761904761905794e-03,nan,nan,nan,nan,nan,4.571428571428582180e-03,nan,-1.295238095238093745e-02,nan,nan,nan,nan,nan,nan,nan,nan,nan,nan,nan,1.409523809523811552e-02,nan,4.190476190476188911e-03,nan,nan,nan,nan,-3.047619047619054642e-03
nan,nan,nan,nan,nan,nan,nan,nan,nan,nan,nan,-1.414913957934988906e-02,nan,nan,nan,nan,nan,nan,nan,nan,nan,nan,nan,nan,nan,nan,nan,nan,nan,nan,nan,nan,nan,nan,nan,nan,nan,-1.147227533460770579e-03,nan,nan,nan,nan,nan,nan,1.529636711281079408e-03,nan,nan,nan,nan,nan,nan,4.971319311663502383e-03,4.206500956022973629e-03,nan,7.648183556405396821e-03,-8.413001912045858788e-03,nan,nan,nan,nan,8.030592734225617396e-03,nan,-1.147227533460792913e-03,nan,-6.118546845124250844e-03
-3.448275862068994526e-03,nan,nan,nan,nan,-2.758620689655175845e-02,nan,nan,nan,nan,nan,nan,nan,nan,nan,nan,nan,nan,nan,-9.195402298850584993e-03,nan,nan,nan,nan,nan,nan,nan,nan,nan,nan,nan,nan,nan,nan,nan,nan,nan,nan,5.363984674329502420e-03,nan,nan,nan,nan,nan,nan,-1.609195402298855410e-02,-1.302681992337164675e-02,nan,nan,nan,nan,-1.570881226053642138e-02,nan,nan,nan,nan,nan,nan,nan,-1.379310344827586708e-02,-2.681992337164773761e-03,nan,nan,nan,-1.724137931034486204e-02
nan,nan,nan,nan,-1.509433962264150652e-03,nan,nan,nan,nan,nan,1.018867924528301695e-02,-1.094339622641509260e-02,nan,nan,nan,nan,nan,nan,nan,nan,nan,nan,nan,nan,nan,nan,nan,nan,nan,nan,nan,nan,nan,nan,nan,nan,nan,nan,-9.811320754716978260e-03,-1.547169811320754304e-02,nan,nan,nan,nan,nan,nan,nan,nan,nan,nan,nan,1.207547169811320521e-02,nan,nan,nan,nan,nan,nan,nan,-6.037735849056602606e-03,4.528301886792452172e-03,nan,4.150943396226414346e-03,nan,-9.433962264150941301e-03
nan,nan,nan,nan,5.293005671077488650e-03,nan,nan,nan,-9.073724007561434143e-03,nan,nan,nan,-8.695652173913015828e-03,nan,nan,nan,nan,nan,nan,-1.512287334593542722e-03,nan,nan,nan,nan,nan,nan,nan,nan,nan,nan,nan,nan,nan,nan,nan,nan,nan,nan,nan,-2.646502835538755601e-03,nan,nan,nan,nan,nan,nan,nan,nan,nan,nan,nan,-8.695652173913038380e-03,nan,nan,nan,nan,-7.183364839319450121e-03,nan,nan,-2.117202268430999970e-02,nan,nan,nan,-1.172022684310019061e-02,9.829867674858227405e-03
nan,nan,nan,2.890173410404621793e-02,nan,nan,nan,nan,nan,nan,nan,nan,nan,nan,nan,nan,nan,nan,nan,nan,nan,nan,nan,nan,nan,nan,nan,nan,nan,1.926782273603078275e-03,nan,nan,nan,nan,nan,nan,nan,nan,nan,nan,nan,3.583815028901733701e-02,nan,nan,nan,nan,nan,nan,nan,nan,nan,2.620423892100192179e-02,3.275529865125239443e-02,nan,nan,nan,2.389210019267822352e-02,nan,nan,9.633911368015390941e-03,1.888246628131020483e-02,nan,nan,1.734104046242772659e-02,7.707129094412313100e-03
nan,nan,nan,8.988764044943798465e-03,nan,nan,nan,nan,nan,nan,nan,nan,nan,nan,nan,nan,nan,nan,nan,nan,nan,nan,nan,nan,nan,nan,nan,nan,nan,0.000000000000000000e+00,nan,nan,7.490636704119824248e-03,nan,nan,nan,nan,nan,nan,nan,nan,nan,nan,nan,nan,-5.992509363295895133e-03,nan,nan,nan,nan,nan,-2.996254681647947567e-03,nan,nan,-9.737827715355829375e-03,4.494382022471899232e-03,nan,nan,nan,nan,1.011235955056182315e-02,nan,-2.247191011235960458e-03,nan,1.123595505617958111e-03
nan,nan,nan,nan,nan,nan,nan,nan,nan,nan,nan,-3.198458574181115704e-02,nan,nan,nan,nan,nan,nan,nan,nan,nan,nan,nan,nan,nan,nan,nan,nan,nan,-1.001926782273601137e-02,nan,nan,nan,nan,nan,nan,nan,-7.321772639691715226e-03,8.477842003853597319e-03,nan,nan,-1.502890173410402833e-02,nan,nan,nan,nan,nan,nan,nan,nan,nan,-2.003853564547204355e-02,-1.926782273603080270e-02,nan,nan,nan,nan,nan,nan,-1.040462427745665261e-02,-1.541425818882464702e-02,nan,1.040462427745667516e-02,nan,nan
nan,nan,nan,nan,nan,nan,nan,nan,nan,nan,8.610567514677081730e-03,nan,nan,nan,nan,6.262230919765143962e-03,nan,nan,nan,-1.956947162426647766e-03,nan,nan,nan,nan,nan,nan,nan,nan,nan,nan,nan,nan,nan,nan,nan,nan,3.522504892367872391e-03,3.522504892367894942e-03,-3.522504892367939178e-03,nan,nan,4.696673189823830433e-03,nan,nan,nan,nan,nan,nan,nan,nan,-1.956947162426647766e-03,4.305283757338518313e-03,nan,nan,nan,nan,nan,nan,nan,nan,-2.739726027397271137e-03,nan,nan,nan,nan
2.461538461538461536e-02,nan,nan,nan,nan,nan,6.923076923076920686e-03,nan,nan,nan,1.307692307692307453e-02,nan,nan,nan,8.461538461538431824e-03,nan,nan,nan,nan,nan,nan,-3.846153846153832598e-04,nan,nan,nan,nan,nan,nan,nan,-4.999999999999981889e-03,nan,nan,nan,nan,nan,nan,nan,nan,nan,nan,0.000000000000000000e+00,nan,nan,nan,nan,-4.615384615384599334e-03,nan,nan,nan,nan,nan,nan,nan,nan,nan,1.269230769230771452e-02,nan,nan,nan,nan,1.615384615384618527e-02,nan,nan,nan,nan
nan,nan,nan,nan,nan,nan,nan,nan,2.723735408560368394e-03,nan,nan,1.945525291828808980e-03,nan,nan,nan,nan,nan,nan,nan,nan,nan,-6.225680933852117960e-03,nan,nan,nan,nan,nan,nan,nan,nan,nan,nan,nan,nan,nan,nan,nan,-5.836575875486338036e-03,nan,nan,nan,1.556420233463073942e-03,3.112840466926103215e-03,nan,nan,nan,nan,nan,nan,nan,nan,-8.171206225680904822e-03,nan,nan,nan,nan,nan,nan,nan,-3.190661478599217393e-02,nan,nan,-1.322957198443575066e-02,nan,-4.280155642023331097e-03
nan,nan,nan,nan,nan,nan,nan,nan,nan,nan,nan,4.322200392927277521e-03,nan,nan,nan,nan,nan,nan,nan,nan,nan,nan,nan,nan,nan,nan,nan,nan,nan,3.536345776031435493e-03,nan,nan,nan,nan,nan,nan,nan,3.811394891944989982e-02,1.571709233791744945e-02,1.100196463654223855e-02,nan,1.571709233791744945e-02,nan,nan,nan,nan,nan,nan,nan,nan,nan,1.296660117878190022e-02,2.357563850687620713e-02,nan,nan,nan,nan,nan,nan,7.858546168958735131e-03,1.807465618860510867e-02,nan,nan,nan,nan
nan,nan,nan,nan,nan,nan,nan,nan,nan,nan,2.115027829313547228e-02,-8.534322820037076873e-03,nan,nan,-6.307977736549142192e-03,nan,nan,nan,nan,nan,-3.339517625231880338e-03,nan,nan,nan,nan,nan,nan,nan,nan,nan,nan,nan,nan,-1.298701298701296879e-02,nan,-1.558441558441554450e-02,nan,nan,nan,nan,nan,nan,-3.710575139146565608e-03,nan,nan,nan,nan,nan,nan,nan,nan,nan,nan,nan,nan,nan,nan,nan,nan,nan,-8.905380333951740460e-03,nan,3.710575139146588160e-03,nan,-6.307977736549142192e-03
nan,nan,nan,nan,nan,nan,-1.523809523809571773e-03,-1.828571428571432872e-02,nan,nan,nan,-4.190476190476211463e-03,nan,nan,-3.428571428571469595e-03,-8.000000000000052208e-03,nan,nan,nan,nan,-1.180952380952387040e-02,nan,nan,nan,nan,nan,nan,nan,-1.714285714285719228e-02,nan,nan,nan,nan,nan,nan,nan,nan,nan,nan,nan,nan,nan,nan,nan,nan,nan,nan,nan,nan,nan,nan,nan,nan,nan,nan,nan,nan,nan,nan,-4.685714285714288885e-02,1.371428571428565633e-02,nan,2.285714285714224303e-03,nan,nan
nan,nan,nan,nan,nan,nan,nan,nan,nan,-2.661596958174938712e-03,nan,-9.125475285171135917e-03,nan,nan,nan,nan,nan,nan,nan,4.562737642585523723e-03,nan,nan,nan,nan,nan,nan,nan,nan,nan,nan,nan,nan,nan,nan,nan,nan,nan,1.368821292775663709e-02,1.634980988593153287e-02,nan,nan,1.026615969581745613e-02,1.596958174904938854e-02,nan,nan,nan,nan,nan,nan,nan,nan,nan,4.562737642585523723e-03,nan,nan,nan,nan,nan,nan,3.802281368821281045e-03,nan,nan,1.026615969581747868e-02,nan,nan
nan,nan,nan,-1.568627450980386584e-02,nan,nan,nan,nan,nan,nan,nan,nan,-5.882352941176449690e-03,nan,nan,nan,nan,nan,nan,-5.490196078431352697e-03,nan,nan,nan,nan,nan,nan,nan,nan,nan,nan,nan,nan,-1.960784313725487740e-02,nan,nan,nan,nan,nan,nan,nan,-1.882352941176466260e-02,-2.156862745098036063e-02,nan,nan,nan,nan,nan,nan,nan,nan,-1.647058823529408064e-02,nan,nan,nan,nan,nan,nan,nan,nan,-5.882352941176449690e-03,-3.921568627450966677e-04,nan,nan,nan,-1.333333333333330817e-02
nan,nan,nan,nan,nan,nan,nan,nan,nan,nan,nan,-1.873804971319308413e-02,nan,nan,nan,nan,nan,nan,nan,nan,-1.567877629063094830e-02,-1.873804971319308413e-02,-1.185468451242826030e-02,nan,nan,nan,nan,nan,nan,nan,nan,nan,-2.026768642447413990e-02,nan,nan,nan,nan,nan,8.030592734225638213e-03,nan,nan,-2.294455066921585826e-03,-1.108986615678770812e-02,nan,nan,nan,nan,-3.212237093690244183e-02,nan,nan,nan,nan,nan,nan,nan,nan,nan,nan,nan,nan,nan,nan,-3.288718929254299400e-02,nan,nan
nan,nan,nan,nan,nan,nan,nan,nan,nan,nan,nan,nan,nan,nan,nan,nan,nan,nan,nan,nan,nan,nan,nan,nan,nan,nan,nan,nan,nan,nan,nan,nan,nan,nan,-1.532710280373827949e-02,nan,nan,1.345794392523365010e-02,nan,nan,nan,-5.233644859813058395e-03,7.476635514018714450e-03,nan,nan,nan,nan,-1.046728971962613761e-02,nan,nan,nan,-9.719626168224304585e-03,-1.383177570093456835e-02,-1.084112149532707667e-02,nan,nan,nan,nan,nan,nan,-2.616822429906506646e-03,nan,3.738317757009612880e-04,nan,nan
nan,nan,nan,nan,nan,nan,nan,nan,-2.156862745098042655e-02,nan,nan,nan,nan,nan,nan,nan,nan,nan,nan,nan,nan,-1.529411764705879140e-02,nan,nan,nan,nan,nan,nan,nan,nan,nan,nan,nan,nan,nan,nan,-2.901960784313726421e-02,1.372549019607844853e-02,nan,nan,nan,nan,nan,nan,nan,nan,nan,nan,nan,-2.156862745098038145e-02,nan,-1.215686274509799637e-02,-3.019607843137255346e-02,nan,nan,nan,nan,nan,nan,nan,-3.137254901960773341e-03,nan,1.450980392156861996e-02,nan,-8.627450980392126906e-03
nan,nan,nan,nan,nan,nan,nan,nan,nan,nan,nan,nan,nan,nan,nan,nan,nan,nan,nan,nan,nan,nan,nan,nan,nan,nan,nan,nan,nan,nan,nan,nan,nan,nan,nan,nan,nan,-9.580838323353369629e-03,2.395209580838275620e-03,nan,nan,1.996007984031899964e-03,-1.037924151696614262e-02,-2.594810379241518916e-02,nan,nan,nan,nan,nan,nan,nan,-2.914171656686630543e-02,-2.275449101796409718e-02,nan,nan,nan,nan,nan,nan,-3.592814371257491146e-02,-1.996007984032010987e-03,nan,7.984031936127710880e-03,nan,nan
nan,nan,nan,nan,nan,nan,nan,nan,nan,nan,nan,nan,nan,nan,nan,nan,nan,nan,nan,nan,-1.192307692307688002e-02,nan,nan,nan,nan,nan,nan,nan,nan,nan,nan,nan,-5.384615384615343628e-03,nan,-1.115384615384611491e-02,nan,nan,-1.153846153846105381e-03,nan,nan,nan,nan,7.692307692308330896e-04,nan,4.230769230769304383e-03,-2.384615384615376005e-02,nan,nan,nan,nan,nan,nan,nan,nan,nan,nan,nan,nan,nan,-3.961538461538458705e-02,nan,nan,-3.461538461538456180e-02,nan,-7.692307692307664979e-03
nan,nan,nan,nan,nan,nan,nan,nan,nan,nan,nan,nan,nan,nan,nan,-7.476635514019003498e-04,nan,nan,nan,nan,nan,nan,nan,nan,nan,nan,nan,nan,nan,nan,nan,nan,-1.644859813084116260e-02,nan,nan,nan,nan,-8.971962616822492381e-03,nan,nan,nan,-1.084112149532718769e-02,nan,nan,nan,-1.831775700934581280e-02,nan,nan,nan,nan,nan,-1.009345794392528875e-02,-5.233644859813102630e-03,nan,nan,nan,-7.102803738317819623e-03,nan,nan,nan,nan,nan,3.738317757008946638e-04,-6.728971962616858878e-03,nan
nan,nan,nan,nan,nan,nan,nan,nan,nan,nan,nan,nan,nan,nan,nan,nan,nan,nan,nan,nan,nan,nan,nan,nan,nan,nan,nan,nan,nan,6.488549618320615768e-03,nan,nan,nan,nan,1.526717557251910983e-03,nan,nan,nan,-1.145038167938938712e-03,1.526717557251910983e-03,-3.816793893129943882e-04,nan,nan,nan,nan,nan,6.870229007633588472e-03,nan,nan,nan,nan,nan,4.198473282442716226e-03,nan,nan,nan,1.526717557251908684e-02,nan,nan,-1.564885496183205868e-02,nan,nan,nan,1.412213740458014878e-02,nan
nan,nan,nan,nan,nan,nan,nan,nan,4.137931034482753706e-02,nan,nan,nan,nan,nan,nan,nan,nan,nan,nan,nan,nan,nan,nan,nan,nan,nan,nan,nan,nan,-2.681992337164753465e-02,nan,nan,nan,nan,nan,nan,nan,nan,-3.448275862069016644e-03,nan,nan,4.214559386973126820e-03,2.681992337164746873e-02,nan,-2.107279693486594635e-02,nan,nan,nan,nan,nan,nan,nan,nan,nan,nan,nan,nan,nan,nan,-1.532567049808464298e-03,4.444444444444437675e-02,nan,2.260536398467427599e-02,nan,3.295019157088117240e-02
nan,nan,nan,nan,nan,nan,nan,nan,nan,-1.811320754716982950e-02,nan,-4.905660377358489130e-03,-1.320754716981131782e-02,nan,nan,nan,nan,nan,nan,nan,nan,nan,nan,nan,nan,nan,nan,nan,nan,nan,nan,nan,nan,nan,-1.811320754716982950e-02,nan,nan,nan,4.150943396226391795e-03,nan,nan,nan,nan,nan,2.264150943396226086e-03,nan,nan,-6.037735849056602606e-03,nan,nan,nan,nan,nan,-1.018867924528301695e-02,nan,nan,nan,nan,nan,-1.132075471698112956e-02,1.056603773584905391e-02,nan,nan,nan,nan
nan,nan,nan,nan,nan,nan,4.905660377358578468e-03,-1.509433962264150608e-02,nan,nan,nan,-7.924528301886769183e-03,nan,nan,nan,nan,nan,nan,nan,nan,nan,nan,-9.811320754716978260e-03,nan,-1.584905660377358000e-02,-8.301886792452806141e-03,nan,nan,nan,nan,nan,nan,nan,nan,nan,-1.811320754716980869e-02,nan,nan,nan,nan,nan,nan,nan,nan,nan,nan,nan,nan,nan,nan,nan,nan,nan,nan,nan,nan,nan,nan,1.509433962264195104e-03,nan,-1.132075471698068591e-03,nan,8.679245283018954121e-03,nan,nan
nan,nan,nan,nan,nan,nan,nan,nan,nan,nan,nan,-2.395209580838317948e-02,nan,nan,nan,nan,nan,nan,nan,nan,nan,nan,nan,nan,nan,nan,nan,nan,nan,nan,nan,nan,nan,nan,nan,nan,nan,1.197604790419215439e-03,1.636726546906193056e-02,nan,nan,nan,nan,nan,nan,-1.117764471057880460e-02,nan,nan,nan,nan,nan,-1.636726546906179872e-02,-5.988023952095767113e-03,nan,nan,nan,nan,nan,nan,-4.950099800399199168e-02,1.317365269461083857e-02,nan,-1.197604790419104417e-03,nan,-1.197604790419104417e-03
nan,nan,nan,nan,nan,nan,nan,nan,nan,nan,nan,nan,nan,nan,nan,nan,nan,nan,nan,nan,nan,nan,nan,nan,nan,nan,nan,nan,nan,nan,nan,nan,nan,nan,nan,nan,-5.514705882352877349e-03,2.500000000000004302e-02,8.088235294117706795e-03,nan,nan,nan,nan,nan,nan,-2.941176470588180610e-03,-4.044117647058764926e-03,nan,nan,nan,-1.507352941176465233e-02,nan,-6.249999999999933560e-03,-1.691176470588229286e-02,nan,nan,nan,nan,nan,-6.617647058823461666e-03,nan,nan,nan,nan,1.139705882352948230e-02
nan,nan,nan,nan,1.769230769230762876e-02,-6.923076923076987473e-03,1.153846153846149747e-02,nan,nan,nan,nan,nan,nan,nan,-1.153846153846216404e-03,nan,nan,nan,nan,nan,nan,nan,nan,nan,nan,nan,nan,nan,nan,nan,nan,nan,-7.307692307692348344e-03,nan,nan,nan,nan,nan,-1.000000000000005398e-02,nan,nan,8.461538461538431824e-03,-3.846153846154054317e-04,nan,nan,-2.307692307692366020e-03,-1.538461538461555157e-03,nan,nan,nan,nan,nan,nan,nan,nan,nan,nan,nan,nan,nan,nan,nan,nan,nan,nan
nan,nan,nan,nan,nan,3.787878787878895754e-04,nan,nan,-1.893939393939392257e-02,nan,nan,nan,nan,nan,nan,nan,nan,nan,nan,nan,nan,nan,nan,nan,nan,nan,nan,nan,nan,nan,nan,nan,nan,nan,nan,nan,-1.893939393939394339e-02,-7.196969696969657444e-03,-6.439393939393944430e-03,nan,nan,nan,4.545454545454563448e-03,nan,-1.893939393939392257e-02,nan,-3.106060606060605592e-02,nan,nan,nan,nan,nan,nan,-1.742424242424238726e-02,nan,nan,nan,nan,nan,-3.409090909090872930e-03,nan,nan,nan,nan,nan
nan,nan,nan,nan,nan,nan,nan,nan,nan,nan,nan,-6.193293885601580673e-02,nan,nan,nan,nan,nan,nan,nan,nan,nan,-4.260355029585805031e-02,nan,nan,nan,nan,nan,nan,nan,nan,nan,nan,nan,nan,nan,nan,nan,-7.889546351084852482e-04,-3.629191321499016659e-02,nan,-1.893491124260358177e-02,nan,-1.380670611439844750e-02,-1.577909270216968501e-02,nan,nan,nan,nan,nan,nan,nan,nan,-4.733727810650911923e-03,nan,nan,nan,nan,nan,nan,-4.220907297830378546e-02,-2.287968441814598394e-02,nan,nan,nan,nan
nan,nan,nan,nan,nan,nan,nan,nan,nan,nan,nan,nan,nan,nan,2.822580645161298831e-03,nan,nan,nan,nan,7.258064516129069874e-03,nan,nan,nan,nan,nan,nan,nan,nan,nan,nan,nan,nan,nan,nan,nan,nan,nan,-5.241935483870951637e-03,nan,nan,nan,-1.330645161290315917e-02,3.629032258064524095e-03,nan,nan,-4.838709677419328163e-03,nan,nan,nan,nan,nan,nan,nan,-1.935483870967740286e-02,nan,nan,-4.032258064516081215e-03,nan,nan,nan,-1.048387096774190327e-02,nan,nan,-1.088709677419350506e-02,nan
nan,nan,nan,nan,nan,nan,-1.291585127201568851e-02,nan,nan,nan,6.653620352250477765e-03,nan,nan,nan,nan,nan,nan,nan,nan,nan,-7.045009784735834120e-03,5.088062622309164236e-03,-2.270058708414877252e-02,nan,nan,nan,nan,nan,nan,nan,nan,nan,nan,nan,nan,nan,nan,nan,nan,nan,nan,-2.191780821917810318e-02,nan,nan,nan,nan,nan,nan,nan,nan,nan,nan,nan,nan,nan,nan,7.045009784735789884e-03,nan,nan,-2.739726027397262204e-02,2.739726027397226902e-03,nan,-1.291585127201566596e-02,nan,nan
nan,4.440892098500626408e-17,nan,nan,nan,nan,nan,nan,nan,nan,nan,-7.251908396946516074e-03,nan,nan,nan,nan,nan,nan,nan,nan,nan,nan,nan,nan,nan,nan,nan,nan,nan,-6.870229007633565921e-03,nan,nan,nan,nan,nan,nan,nan,2.175572519083974685e-02,-5.725190839694626992e-03,1.755725190839698552e-02,nan,-3.358778625954193103e-02,nan,nan,-1.106870229007630470e-02,nan,-7.633587786259222064e-04,nan,nan,nan,nan,nan,4.440892098500626408e-17,nan,nan,nan,nan,nan,nan,nan,nan,nan,nan,nan,nan
nan,nan,nan,nan,nan,nan,nan,nan,nan,nan,nan,-1.842610364683296836e-02,nan,nan,nan,nan,nan,nan,nan,nan,nan,nan,nan,nan,nan,nan,nan,nan,nan,-4.836852207293660527e-02,nan,nan,nan,nan,nan,nan,nan,-3.838771593089651329e-04,nan,-2.034548944337808557e-02,nan,-8.445297504798410584e-03,nan,nan,nan,nan,nan,nan,nan,nan,nan,1.151631477927095217e-03,-1.535508637236016006e-03,nan,nan,nan,nan,nan,nan,nan,-3.454894433781152512e-03,nan,9.596928982725572155e-03,nan,-8.445297504798433136e-03
