-5.086705202312158738e-03,nan,nan,nan,7.190751445086704385e-02,4.161849710982656880e-03,2.312138728323654031e-03,nan,nan,nan,1.213872832369942145e-01,9.549132947976876618e-02,4.947976878612714291e-02,nan,nan,2.104046242774566464e-02,nan,nan,nan,1.343352601156069248e-01,1.139884393063583384e-01,nan,6.936416184971096188e-02,nan,nan,nan,nan,nan,nan,nan,nan,nan,nan,nan,1.142196531791906944e-01,nan,nan,7.121387283236992050e-02,1.137572254335259547e-01,1.387283236994196842e-03,3.236994219653133338e-03,7.329479768786122118e-02,nan,1.329479768786126781e-01,5.572254335260109354e-02,nan,nan,1.246242774566473643e-01,nan,nan,0.000000000000000000e+00,nan,nan,nan,nan,nan,nan,nan,nan,1.132947976878612428e-01,2.751445086705201978e-02,0.000000000000000000e+00,nan,nan,1.396531791907514031e-01
4.373576309794988820e-02,nan,nan,nan,-1.822323462414576723e-03,2.186788154897494410e-02,2.164009111617311992e-02,nan,nan,nan,4.533029612756263316e-02,9.111617312072995290e-04,1.526195899772210193e-02,nan,-5.466970387243752505e-03,2.186788154897494410e-02,nan,nan,nan,-2.892938496583143809e-02,2.779043280182228598e-02,nan,-9.339407744874728828e-03,nan,nan,nan,nan,nan,nan,-2.642369020501140683e-02,nan,nan,nan,nan,3.667425968109337686e-02,nan,nan,2.277904328018220959e-02,-1.958997722095674396e-02,2.277904328018110045e-04,1.845102505694757797e-02,-1.457858769931665889e-02,nan,-2.528473804100228595e-02,3.712984054669700440e-02,nan,5.922551252847363563e-03,4.328018223234586515e-03,nan,nan,nan,nan,nan,1.093394077448747205e-02,nan,nan,nan,nan,nan,2.824601366742596209e-02,3.439635535307515590e-02,0.000000000000000000e+00,nan,nan,2.779043280182230680e-02
-7.293844367015100971e-02,nan,nan,nan,-8.060394889663187457e-02,-4.274099883855982107e-02,-8.339140534262487470e-02,nan,nan,nan,5.574912891986050570e-03,nan,-3.948896631823465425e-02,nan,-8.408826945412313514e-02,-4.994192799070849842e-02,nan,nan,nan,-6.527293844367017261e-02,-3.461091753774683116e-02,nan,-5.180023228803717211e-02,nan,nan,nan,nan,nan,nan,-8.385598141695707608e-02,nan,nan,nan,nan,-6.713124274099886712e-02,nan,nan,-1.463414634146342763e-02,5.365853658536583193e-02,-2.508710801393729956e-02,-5.574912891986094805e-03,-7.874564459930316618e-02,nan,-3.112659698025554977e-02,-3.948896631823473231e-03,nan,2.578397212543550449e-02,-1.159117305458769176e-01,nan,nan,nan,nan,nan,-2.137049941927991054e-02,nan,nan,nan,nan,nan,-2.462253193960512940e-02,-1.249709639953542756e-01,0.000000000000000000e+00,nan,nan,-3.066202090592338309e-02
-1.732101616628176771e-02,nan,nan,nan,-1.062355658198614952e-02,-1.732101616628176771e-02,-5.750577367205546991e-02,nan,nan,nan,0.000000000000000000e+00,nan,-8.545034642032356062e-03,nan,-3.002309468822206198e-03,-5.311778290993074761e-03,nan,nan,nan,-4.226327944572751821e-02,-1.662817551963053850e-02,nan,1.224018475750573466e-02,nan,nan,nan,nan,nan,nan,-4.572748267898385510e-02,nan,nan,nan,nan,-3.441108545034647637e-02,nan,nan,1.778290993071590664e-02,1.847575057736694504e-03,-4.157043879907662380e-03,-2.471131639722866716e-02,-9.468822170900715457e-03,nan,7.159353348729769265e-03,1.847575057736717749e-02,nan,nan,-4.849884526558895237e-02,nan,nan,nan,nan,nan,0.000000000000000000e+00,nan,nan,nan,nan,nan,-6.928406466512937239e-04,-5.311778290993074761e-03,0.000000000000000000e+00,nan,nan,-3.371824480369516042e-02
3.465116279069766630e-02,nan,nan,nan,3.953488372093016782e-03,3.674418604651163989e-02,3.418604651162791830e-02,nan,nan,nan,2.162790697674419477e-02,nan,2.130232558139534826e-01,nan,3.488372093023284388e-03,2.558139534883729829e-03,nan,nan,nan,4.279069767441860683e-02,6.395348837209305359e-02,nan,3.837209302325581689e-02,nan,nan,nan,nan,nan,nan,5.465116279069768407e-02,nan,nan,nan,nan,5.046511627906977854e-02,nan,nan,9.860465116279068520e-02,1.555813953488372203e-01,3.767441860465118447e-02,6.697674418604651625e-02,5.860465116279071213e-02,nan,6.534883720930233231e-02,5.372093023255815336e-02,nan,nan,2.325581395348885858e-04,nan,nan,nan,nan,nan,0.000000000000000000e+00,nan,nan,nan,1.162790697674420757e-03,nan,nan,nan,0.000000000000000000e+00,1.472093023255814093e-01,nan,3.558139534883723865e-02
1.280558789289869617e-02,nan,nan,nan,0.000000000000000000e+00,0.000000000000000000e+00,2.048894062863795135e-02,nan,nan,nan,-1.699650756693831324e-02,nan,7.171129220023281237e-02,nan,2.514551804423748038e-02,-9.778812572759032484e-03,nan,nan,nan,-2.421420256111756972e-02,-5.355064027939460299e-03,nan,-2.142025611175785160e-02,nan,nan,nan,nan,nan,nan,8.754365541327122080e-02,nan,nan,nan,nan,2.491268917345751399e-02,nan,nan,1.233993015133876339e-02,3.469150174621653260e-02,-1.676367869615833645e-02,-4.237485448195574961e-02,7.706635622817228914e-02,nan,3.771827706635624139e-02,-5.611175785797437726e-02,nan,1.010477299185098821e-01,-4.004656577415599550e-02,nan,nan,nan,nan,nan,-1.699650756693831324e-02,nan,nan,nan,nan,nan,2.887077997671711957e-02,4.423748544819539226e-03,0.000000000000000000e+00,nan,nan,-4.679860302677536776e-02
6.643757159221075348e-02,nan,nan,nan,-9.140893470790381614e-02,3.459335624284076705e-02,5.796105383734247857e-02,nan,nan,nan,3.871706758304695878e-02,nan,3.276059564719357997e-02,nan,-5.223367697594505366e-02,5.200458190148911364e-02,nan,nan,nan,3.848797250859102570e-02,-2.680412371134022198e-02,nan,6.185567010309256375e-03,nan,nan,nan,nan,nan,nan,-1.603665521191322083e-03,nan,nan,nan,nan,2.016036655211910292e-02,nan,nan,-6.185567010309323162e-03,9.163802978235824782e-04,1.122565864833905379e-02,-2.359679266895764460e-02,-6.827033218785798219e-02,nan,-6.872852233677018315e-03,1.466208476517751914e-02,nan,-5.727376861397526393e-03,6.712485681557843475e-02,nan,nan,nan,nan,nan,-1.168384879725086270e-02,nan,nan,nan,nan,nan,-2.313860252004584783e-02,-2.909507445589920582e-02,0.000000000000000000e+00,nan,nan,1.145475372279494176e-02
-2.306805074971185390e-03,nan,nan,nan,9.988465974625142241e-02,-1.153402537485592695e-03,6.897347174163781514e-02,nan,nan,nan,1.937716262975775969e-02,nan,2.376009227220297199e-02,nan,1.617070357554785953e-01,2.168396770472894725e-02,nan,nan,nan,9.780853517877736991e-02,2.560553633217989983e-02,nan,1.337946943483275253e-01,nan,nan,nan,nan,nan,nan,3.206459054209916115e-02,nan,nan,nan,nan,1.575547866205305458e-01,nan,nan,5.328719723183385909e-02,9.711649365628599595e-02,1.840830449826989512e-01,1.434832756632064277e-01,5.928489042675890580e-02,nan,1.407151095732410151e-01,2.468281430219141509e-02,nan,1.577854671280276566e-01,1.543252595155709117e-01,nan,nan,nan,nan,nan,1.577854671280276566e-01,nan,nan,nan,nan,nan,8.396770472895036252e-02,4.659746251441752168e-02,0.000000000000000000e+00,nan,nan,7.635524798154552650e-02
0.000000000000000000e+00,nan,nan,nan,1.291053227633070025e-02,0.000000000000000000e+00,-1.517553793884482936e-02,nan,nan,nan,0.000000000000000000e+00,nan,-3.103057757644393094e-02,nan,-1.789354473386182282e-02,-2.853907134767836792e-02,nan,nan,nan,-8.312570781426950606e-02,2.650056625141563454e-02,nan,-5.436013590033950474e-03,nan,nan,nan,nan,nan,nan,-3.057757644394109089e-02,nan,nan,nan,nan,-5.209513023782541725e-03,nan,nan,-6.908267270668173865e-02,-1.132502831257076181e-02,-3.918459796149489222e-02,-6.455266138165345613e-02,-7.587768969422421794e-02,nan,-2.627406568516420585e-02,-9.037372593431480805e-02,nan,-4.824462061155151277e-02,-6.930917327293315000e-02,nan,nan,nan,nan,nan,0.000000000000000000e+00,nan,nan,nan,nan,nan,-2.967157417893542121e-02,6.568516421291059268e-03,0.000000000000000000e+00,nan,nan,-5.911664779161947270e-02
1.135260115606936127e-01,nan,nan,nan,2.312138728323698267e-03,0.000000000000000000e+00,1.077456647398843670e-01,nan,nan,nan,1.433526011560692925e-02,1.347976878612716367e-01,1.583815028901733590e-01,nan,nan,4.994219653179189644e-02,nan,nan,nan,2.513294797687860571e-01,1.495953757225433056e-01,nan,nan,nan,nan,nan,nan,nan,nan,nan,nan,nan,nan,nan,8.924855491329478085e-02,1.505202312138727849e-01,nan,1.435838150289016901e-01,1.163005780346820506e-01,1.664739884393060670e-02,1.206936416184970495e-01,1.091329479768785859e-01,nan,1.304046242774566100e-01,7.537572254335256350e-02,nan,nan,1.102890173410404212e-01,nan,nan,nan,nan,nan,0.000000000000000000e+00,nan,nan,nan,nan,nan,1.380346820809247865e-01,4.393063583815015431e-03,0.000000000000000000e+00,nan,nan,3.005780346820805665e-02
-1.838819523269010631e-02,nan,nan,nan,3.269012485811578772e-02,1.339387060158911923e-02,2.656072644721911916e-02,nan,4.154370034052216193e-02,nan,-2.179341657207718372e-02,nan,nan,nan,7.900113507377984345e-02,-5.675368898978416961e-03,nan,nan,nan,-7.264472190692350048e-03,3.269012485811580160e-02,nan,2.315550510783204174e-02,nan,nan,nan,nan,nan,nan,4.540295119183079819e-04,nan,nan,nan,nan,4.835414301929626818e-02,nan,nan,3.223609534619753525e-02,8.944381384790014988e-02,2.065834279228155948e-02,-2.633371169125988537e-02,-1.157775255391597577e-02,nan,4.540295119183302081e-04,2.043132803632274896e-03,nan,1.520998864926222972e-02,3.609534619750289636e-02,nan,nan,nan,nan,nan,4.994324631101021428e-02,nan,nan,nan,5.221339387060175766e-03,nan,1.316685584563001034e-02,nan,0.000000000000000000e+00,nan,nan,-5.902383654937559676e-03
-4.159999999999999115e-02,nan,nan,nan,-1.965714285714285220e-02,0.000000000000000000e+00,-3.931428571428572522e-02,nan,nan,nan,-8.342857142857143526e-02,-6.857142857142858872e-02,-2.098285714285714199e-01,nan,nan,-4.502857142857141781e-02,nan,nan,nan,-4.434285714285712832e-02,-7.405714285714287692e-02,nan,-7.862857142857145043e-02,nan,nan,nan,nan,nan,nan,nan,nan,nan,nan,nan,-4.502857142857143169e-02,nan,nan,-1.874285714285713750e-02,-1.252571428571428724e-01,-2.285714285714335271e-04,-6.377142857142859000e-02,-2.068571428571429061e-01,nan,-1.133714285714285952e-01,-6.262857142857142234e-02,nan,-1.033142857142857335e-01,-1.206857142857142851e-01,nan,nan,nan,nan,nan,0.000000000000000000e+00,nan,nan,nan,nan,nan,nan,-3.382857142857143007e-02,0.000000000000000000e+00,-5.417142857142857870e-02,nan,-2.537142857142857949e-02
8.381839348079156080e-03,nan,nan,nan,0.000000000000000000e+00,0.000000000000000000e+00,3.073341094295687498e-02,nan,nan,nan,2.002328288707797693e-02,nan,3.259604190919669631e-02,nan,-3.725261932479662173e-03,8.381839348079156080e-03,nan,nan,nan,5.355064027939437747e-03,-1.396973224679898306e-03,nan,-1.769499417927828874e-02,nan,nan,nan,nan,nan,nan,-1.583236321303845701e-02,nan,nan,nan,nan,-2.793946449359729824e-03,nan,nan,-5.355064027939504534e-03,-5.587892898719503884e-03,0.000000000000000000e+00,1.583236321303837027e-02,-2.817229336437723081e-02,nan,2.770663562281716619e-02,-1.862630966239842145e-03,nan,-8.614668218859177981e-03,3.073341094295688539e-02,nan,nan,nan,nan,nan,0.000000000000000000e+00,nan,nan,nan,nan,nan,4.074505238649588079e-02,1.233993015133875125e-02,0.000000000000000000e+00,nan,nan,5.960419091967400496e-02
7.572383073496646508e-03,nan,nan,nan,2.806236080178171541e-02,4.454342984409787216e-03,-4.142538975501117854e-02,nan,nan,nan,0.000000000000000000e+00,nan,2.004454342984396224e-03,nan,5.278396436525608498e-02,0.000000000000000000e+00,nan,nan,nan,-2.873051224944326437e-02,3.875278396436522554e-02,nan,-2.605790645879737383e-02,nan,nan,nan,nan,nan,nan,-5.345211581291786293e-03,nan,nan,nan,nan,-2.538975501113587344e-02,nan,nan,-6.881959910913144907e-02,2.293986636971044948e-02,-1.291759465478843280e-02,-2.004454342984412010e-02,-2.004454342984413051e-02,nan,-1.314031180400893062e-02,-3.229398663697106986e-02,nan,nan,-5.100222717149225510e-02,nan,nan,0.000000000000000000e+00,nan,nan,nan,nan,nan,nan,nan,nan,-3.897550111358577540e-02,-2.004454342984418776e-03,0.000000000000000000e+00,nan,nan,-6.236080178173742002e-03
-2.024471635150167786e-02,nan,nan,nan,-3.537263626251391235e-02,-2.469410456062292106e-02,-2.046718576195772840e-02,nan,nan,nan,-3.537263626251391235e-02,nan,-1.134593993325917413e-02,nan,-3.047830923248051604e-02,-5.561735261401559022e-02,nan,nan,nan,-1.437152391546162311e-01,-4.938820912124584905e-02,nan,-6.651835372636262511e-02,nan,nan,nan,nan,nan,nan,-9.098998887652948175e-02,nan,nan,nan,nan,-1.043381535038931940e-01,nan,nan,-3.915461624026696230e-02,-8.387096774193548987e-02,-3.826473859844272546e-02,-3.470522803114572952e-02,-3.692992213570632509e-02,nan,-7.875417130144606037e-02,-7.563959955506122101e-02,nan,nan,-9.432703003337043757e-02,nan,nan,nan,nan,nan,0.000000000000000000e+00,nan,nan,nan,nan,nan,-9.566184649610678936e-02,-8.342602892102336798e-02,0.000000000000000000e+00,nan,nan,-5.116796440489432968e-02
-1.165501165501170487e-03,nan,nan,nan,0.000000000000000000e+00,-1.165501165501170487e-03,-8.158508158508182354e-03,nan,nan,nan,9.557109557109555800e-03,nan,5.361305361305379949e-03,nan,3.543123543123542080e-02,0.000000000000000000e+00,nan,nan,nan,1.305361305361306748e-02,-4.988344988344990683e-02,nan,-5.361305361305368673e-03,nan,nan,nan,nan,nan,nan,-2.564102564102543717e-03,nan,nan,nan,nan,2.424242424242423199e-02,nan,nan,-1.165501165501165934e-02,-1.631701631701631960e-02,-5.944055944055944701e-02,-1.655011655011655661e-02,-1.298368298368298146e-01,nan,3.496503496503496067e-02,7.552447552447551227e-02,nan,3.216783216783215826e-02,1.072261072261072520e-02,nan,nan,nan,nan,nan,0.000000000000000000e+00,nan,nan,nan,nan,nan,-4.592074592074592981e-02,6.526806526806527668e-03,0.000000000000000000e+00,nan,nan,1.515151515151514847e-02
-2.760180995475112337e-02,nan,nan,nan,-5.882352941176449690e-03,7.466063348416296028e-03,-7.895927601809954455e-02,nan,nan,nan,-1.380090497737556168e-02,nan,-8.371040723981899856e-02,nan,-3.619909502262440293e-02,-4.230769230769231004e-02,nan,nan,nan,-1.054298642533936514e-01,-4.819004524886873891e-02,nan,-1.504524886877827705e-01,nan,nan,nan,nan,nan,nan,-9.615384615384613143e-02,nan,nan,nan,nan,-5.180995475113121806e-02,nan,nan,-1.334841628959275717e-01,-5.814479638009047158e-02,-5.588235294117647328e-02,-9.457013574660633193e-02,-4.162895927601808349e-02,nan,-8.212669683257918518e-02,-5.203619909502260610e-02,nan,nan,-8.823529411764705066e-02,nan,nan,7.466063348416296028e-03,nan,nan,nan,nan,nan,nan,nan,nan,-1.201357466063348173e-01,-6.515837104072397246e-02,0.000000000000000000e+00,nan,nan,-1.613122171945701455e-01
-2.714932126696834036e-02,nan,nan,nan,-2.271493212669683515e-01,0.000000000000000000e+00,-7.036199095022624417e-02,nan,nan,nan,-1.228506787330316818e-01,-1.794117647058823262e-01,-9.932126696832578594e-02,nan,nan,-4.321266968325791769e-02,nan,nan,nan,-3.054298642533937944e-02,-1.346153846153846367e-01,nan,-1.644796380090498000e-01,nan,nan,nan,nan,nan,nan,nan,nan,nan,nan,nan,-9.389140271493214007e-02,nan,nan,-2.262443438914027161e-01,-1.219457013574660742e-01,-8.778280542986424684e-02,-1.395927601809954788e-01,-1.061085972850678572e-01,nan,-1.511312217194570040e-01,-1.095022624434389275e-01,nan,nan,-9.705882352941178071e-02,nan,nan,nan,nan,nan,0.000000000000000000e+00,nan,nan,nan,nan,nan,nan,-2.511312217194570234e-02,0.000000000000000000e+00,-9.570135746606335536e-02,nan,-6.176470588235296461e-02
-7.704545454545454197e-02,nan,nan,nan,-4.681818181818180047e-02,-7.409090909090906840e-02,-1.322727272727272640e-01,nan,nan,nan,-2.272727272727271750e-02,-8.499999999999996447e-02,-1.118181818181817749e-01,nan,-1.522727272727271083e-02,-4.590909090909091328e-02,nan,nan,nan,-8.977272727272722630e-02,-1.288636363636363469e-01,nan,-1.645454545454545503e-01,nan,nan,nan,nan,nan,nan,-1.211363636363636254e-01,nan,nan,nan,nan,-1.320454545454545214e-01,nan,nan,-1.549999999999999711e-01,-1.409090909090908728e-01,-5.840909090909092438e-02,-1.547727272727272840e-01,-1.736363636363636442e-01,nan,-1.320454545454545214e-01,-1.234090909090908850e-01,nan,nan,-4.999999999999998890e-02,nan,nan,nan,nan,nan,-4.340909090909088330e-02,nan,nan,nan,nan,nan,-1.363636363636363258e-01,2.727272727272733559e-03,0.000000000000000000e+00,nan,nan,-6.022727272727270570e-02
-2.764976958525344752e-03,nan,nan,nan,9.677419354838701429e-03,1.082949308755759565e-02,-2.626728110599079249e-02,nan,nan,nan,2.073732718894005962e-03,-4.861751152073736509e-02,-3.686635944700456056e-03,nan,-4.147465437788033608e-03,-1.110223024625156602e-17,nan,nan,nan,-1.843317972350255783e-03,3.778801843317970699e-02,nan,-1.543778801843319684e-02,nan,nan,nan,nan,nan,nan,-3.179723502304149241e-02,nan,nan,nan,nan,2.995391705069116832e-03,nan,nan,-9.423963133640556045e-02,-3.824884792626729452e-02,-2.119815668202764541e-02,-5.437788018433183101e-02,-3.732718894009216803e-02,nan,2.073732718894007870e-02,-1.612903225806472428e-03,nan,-2.580645161290324660e-02,-5.967741935483873716e-02,nan,nan,-6.682027649769583730e-03,nan,nan,nan,nan,nan,nan,nan,nan,-5.230414746543780163e-02,-8.755760368663590559e-03,0.000000000000000000e+00,nan,nan,-5.115207373271888486e-02
7.950450450450455286e-02,nan,nan,nan,2.747747747747748479e-02,0.000000000000000000e+00,7.184684684684686240e-02,nan,nan,nan,3.738738738738742878e-02,nan,1.159909909909910136e-01,nan,1.261261261261261979e-01,9.639639639639643875e-02,nan,nan,nan,7.927927927927932994e-02,4.436936936936941578e-02,nan,7.342342342342345063e-02,nan,nan,nan,nan,nan,nan,1.623873873873874496e-01,nan,nan,nan,nan,1.110360360360360676e-01,nan,nan,nan,1.085585585585586016e-01,5.270270270270271951e-02,1.126126126126126559e-01,8.581081081081083639e-02,nan,1.018018018018018445e-01,7.747747747747751879e-02,nan,7.927927927927931606e-02,3.220720720720724600e-02,nan,nan,nan,nan,nan,4.459459459459462483e-02,nan,nan,nan,nan,nan,7.770270270270276947e-02,4.189189189189194973e-02,0.000000000000000000e+00,nan,nan,1.918918918918919025e-01
1.317919075144508012e-02,nan,nan,nan,4.092485549132945932e-02,1.965317919075143527e-02,-4.624277456647396534e-03,nan,nan,nan,1.849710982658958613e-02,-8.647398843930637069e-02,-1.655491329479769069e-01,nan,nan,2.867052023121385851e-02,nan,nan,nan,-2.520231213872832152e-02,-5.132947976878614316e-02,nan,8.554913294797683587e-03,nan,nan,nan,nan,nan,nan,nan,nan,nan,nan,nan,-1.826589595375725100e-02,nan,nan,nan,-3.352601156069364569e-02,1.618497109826588787e-03,1.687861271676299735e-02,-2.150289017341040429e-02,nan,-3.676300578034682326e-02,-3.861271676300579575e-02,nan,-9.387283236994219127e-02,1.341040462427743954e-02,nan,nan,nan,nan,nan,-6.705202312138736249e-03,nan,nan,nan,nan,nan,nan,-1.077456647398844086e-01,0.000000000000000000e+00,-5.595375722543353275e-02,nan,-5.341040462427746466e-02
6.519208381839369446e-03,nan,nan,nan,3.259604190919684723e-03,-7.916181606519212891e-03,-2.002328288707795265e-02,nan,nan,nan,0.000000000000000000e+00,5.052386495925496879e-02,3.515715948777651395e-02,nan,1.862630966239831086e-03,-2.328288707799765905e-02,nan,nan,nan,-1.164144353899843011e-03,-8.847497089639055901e-03,nan,-1.979045401629799666e-02,nan,nan,nan,nan,nan,nan,-9.313154831198877876e-04,nan,nan,nan,nan,-3.725261932479584544e-03,nan,nan,nan,-9.313154831198877876e-04,-2.561117578579730041e-03,-2.328288707799730690e-03,-3.469150174621651178e-02,nan,-6.286379511059337136e-03,6.286379511059403055e-03,nan,2.095459837019808536e-03,-2.281722933643766035e-02,nan,nan,nan,nan,nan,0.000000000000000000e+00,nan,nan,nan,nan,nan,7.450523864959301794e-03,0.000000000000000000e+00,0.000000000000000000e+00,nan,nan,3.771827706635626221e-02
4.089887640449435535e-02,nan,nan,nan,0.000000000000000000e+00,0.000000000000000000e+00,-2.898876404494383704e-02,nan,nan,nan,1.285393258426966168e-01,2.808988764044939579e-02,3.820224719101106454e-03,nan,nan,-3.820224719101128572e-03,nan,nan,nan,4.292134831460672068e-02,7.955056179775274461e-02,nan,1.386516853932583671e-01,nan,nan,nan,nan,nan,nan,1.512359550561797328e-01,nan,nan,nan,nan,-4.269662921348338358e-03,nan,nan,nan,2.741573033707860388e-02,7.348314606741571109e-02,7.011235955056174807e-02,6.629213483146061126e-02,nan,4.808988764044939968e-02,6.741573033707704433e-04,nan,1.119101123595505481e-01,3.325842696629212336e-02,nan,nan,nan,nan,nan,0.000000000000000000e+00,nan,nan,nan,nan,nan,7.191011235955049874e-02,-8.359550561797754464e-02,0.000000000000000000e+00,nan,nan,2.224719101123593529e-02
-1.915621436716077181e-02,nan,nan,nan,-1.140250855188140776e-03,-4.332953249714938115e-02,-2.964652223489161551e-03,nan,nan,nan,1.208665906499429774e-02,nan,-6.362599771949825622e-02,nan,-1.254275940706952620e-02,-5.245153933865454379e-03,nan,nan,nan,1.505131128848348140e-02,-3.055872291904215832e-02,nan,8.893956670467528455e-03,nan,nan,nan,nan,nan,nan,-3.990877993158493953e-02,nan,nan,nan,nan,1.208665906499429774e-02,nan,nan,-4.948688711516530114e-02,-5.769669327251995133e-02,1.003420752565564733e-02,-4.082098061573545544e-02,-1.117445838084376621e-02,nan,3.055872291904220342e-02,4.789053591790204227e-03,nan,-5.518814139110602562e-02,4.561003420752607232e-04,nan,nan,nan,nan,nan,0.000000000000000000e+00,nan,nan,nan,-5.245153933865454379e-03,nan,3.762827822120866361e-02,nan,0.000000000000000000e+00,nan,nan,-4.880273660205243502e-02
-4.428739693757360874e-02,nan,nan,nan,-3.274440518256773597e-02,-6.972909305064782515e-02,4.240282685512375763e-03,nan,nan,nan,4.240282685512364487e-03,-4.593639575971732864e-02,-1.159010600706713995e-01,nan,-9.305064782096582332e-02,-1.743227326266195629e-02,nan,nan,nan,-5.017667844522967491e-02,-4.522968197879858460e-02,nan,-2.285041224970553106e-02,nan,nan,nan,nan,nan,nan,-3.698468786808008918e-02,nan,nan,nan,nan,-6.007067137809189022e-02,nan,nan,-7.137809187279151035e-02,-7.444051825677266976e-02,-5.653710247349824636e-02,-7.090694935217903283e-02,-1.554770318021201324e-02,nan,-6.595995288574796334e-03,-1.107184923439340218e-01,nan,-1.177856301531211500e-02,-8.197879858657244889e-02,nan,nan,-3.486454652532391257e-02,nan,nan,nan,nan,nan,nan,nan,nan,-6.737338044758539590e-02,-8.716136631330978490e-02,0.000000000000000000e+00,nan,nan,-4.240282685512367783e-02
4.372842347525884854e-03,nan,nan,nan,0.000000000000000000e+00,2.347525891829688183e-02,-2.278481012658230970e-02,nan,nan,nan,-1.588032220943615819e-02,7.548906789413115104e-02,1.749136939010352901e-02,nan,nan,2.347525891829688183e-02,nan,nan,nan,1.143843498273877657e-01,2.048331415420021756e-02,nan,4.073647871116220509e-02,nan,nan,nan,nan,nan,nan,4.349827387802067402e-02,nan,nan,nan,nan,2.347525891829688183e-02,nan,nan,3.820483314154195925e-02,5.385500575373989435e-02,2.646720368239352528e-02,3.705408515535093400e-02,8.630609896432678285e-02,nan,3.498273878020707883e-02,2.071346375143843371e-02,nan,6.421173762945910080e-02,2.807825086306092732e-02,nan,nan,nan,nan,nan,0.000000000000000000e+00,nan,nan,nan,nan,nan,5.385500575373987353e-02,-1.334867663981589327e-02,0.000000000000000000e+00,nan,nan,6.075949367088603198e-02
2.031963470319635492e-02,nan,nan,nan,3.515981735159819099e-02,3.013698630136987106e-02,5.091324200913244225e-02,nan,nan,nan,0.000000000000000000e+00,nan,4.954337899543381774e-02,nan,1.963470319634706002e-02,2.031963470319635492e-02,nan,nan,nan,2.054794520547946826e-02,4.634703196347036286e-02,nan,4.406392694063929888e-02,nan,nan,nan,nan,nan,nan,1.369863013698633357e-02,nan,nan,nan,nan,2.648401826484019297e-02,nan,nan,7.945205479452058239e-02,6.735159817351599187e-02,9.132420091324222958e-03,4.589041095890415006e-02,-2.671232876712324039e-02,nan,4.634703196347034204e-02,4.497716894977175223e-02,nan,1.917808219178087498e-02,3.196347031963473612e-02,nan,nan,nan,nan,nan,0.000000000000000000e+00,nan,nan,nan,nan,nan,7.442922374429228327e-02,0.000000000000000000e+00,0.000000000000000000e+00,nan,nan,1.022831050228310834e-01
6.414662084765181127e-02,nan,nan,nan,2.153493699885455914e-02,5.360824742268042314e-02,3.092783505154639290e-02,nan,nan,nan,4.421534936998858939e-02,1.550973654066438168e-01,5.979381443298974197e-02,nan,4.536082474226808131e-02,1.649484536082477387e-02,nan,nan,nan,2.565864833906073006e-02,2.091638029782359742e-01,nan,1.111111111111111605e-01,nan,nan,nan,nan,nan,nan,nan,nan,nan,nan,nan,3.619702176403212512e-02,nan,nan,1.200458190148911974e-01,1.493699885452463572e-01,4.123711340206191039e-02,4.765177548682704434e-02,8.476517754868270749e-02,nan,1.193585337915235439e-01,1.665521191294387360e-01,nan,1.331042382588774609e-01,1.205040091638030358e-01,nan,nan,nan,nan,nan,1.008018327605957401e-02,nan,nan,nan,nan,nan,1.553264604810996874e-01,5.337915234822452476e-02,0.000000000000000000e+00,nan,nan,1.122565864833906524e-01
-1.351351351351348607e-03,nan,nan,nan,-5.045045045045044863e-02,-5.000000000000000278e-02,-2.500000000000000139e-02,nan,nan,nan,-6.756756756756754530e-03,nan,-3.423423423423423845e-02,nan,-4.436936936936937415e-02,-4.774774774774774577e-02,nan,nan,nan,-9.481981981981982277e-02,-7.927927927927927443e-02,nan,-1.083333333333333232e-01,nan,nan,nan,nan,nan,nan,-1.403153153153153254e-01,nan,nan,nan,nan,4.729729729729725655e-03,nan,nan,-4.977477477477477985e-02,-7.725225225225226811e-02,-7.770270270270271395e-02,-3.153153153153143064e-03,-3.828828828828828579e-02,nan,-4.864864864864865135e-02,-3.108108108108107587e-02,nan,-5.405405405405405705e-02,-8.243243243243242313e-02,nan,nan,nan,nan,nan,-2.500000000000000139e-02,nan,nan,nan,nan,nan,-1.259009009009009472e-01,-2.252252252252251452e-02,0.000000000000000000e+00,nan,nan,-7.905405405405405150e-02
0.000000000000000000e+00,nan,nan,nan,0.000000000000000000e+00,4.189814814814814964e-02,4.351851851851853276e-02,nan,nan,nan,7.731481481481485007e-02,1.252314814814815269e-01,6.342592592592595502e-02,nan,1.703703703703703942e-01,4.189814814814814964e-02,nan,nan,nan,6.481481481481488234e-03,4.120370370370370766e-02,nan,8.750000000000003608e-02,nan,nan,nan,nan,nan,nan,1.298611111111111494e-01,nan,nan,nan,nan,2.027777777777778068e-01,nan,nan,1.486111111111111382e-01,1.199074074074074348e-01,1.620370370370438629e-03,1.152777777777778123e-01,1.328703703703703887e-01,nan,1.381944444444444531e-01,4.768518518518523319e-02,nan,nan,4.097222222222224319e-02,nan,nan,nan,nan,nan,0.000000000000000000e+00,nan,nan,nan,nan,nan,8.055555555555558855e-02,8.055555555555556080e-02,0.000000000000000000e+00,nan,nan,3.912037037037038173e-02
0.000000000000000000e+00,nan,nan,nan,-3.460207612456744908e-03,-1.614763552479814247e-03,-2.837370242214531935e-02,nan,nan,nan,-1.614763552479814247e-03,nan,-1.522491349480967725e-02,nan,-1.983852364475200553e-02,-2.606689734717416648e-02,nan,nan,nan,-5.513264129181082163e-02,-2.722029988465974812e-02,nan,-3.275663206459054205e-02,nan,nan,nan,nan,nan,nan,-8.304498269896191942e-02,nan,nan,nan,nan,-8.304498269896187432e-03,nan,nan,-4.106113033448673122e-02,-1.162629757785466900e-01,-2.514417531718570256e-02,-3.483275663206458761e-02,-4.798154555940020716e-02,nan,-7.381776239907722643e-03,-6.574394463667822264e-02,nan,nan,-4.682814302191463940e-02,nan,nan,nan,nan,nan,0.000000000000000000e+00,nan,nan,nan,nan,nan,nan,-2.122260668973472569e-02,0.000000000000000000e+00,-7.474048442906572332e-02,nan,-4.590542099192616160e-02
0.000000000000000000e+00,nan,nan,nan,7.109004739336510998e-04,0.000000000000000000e+00,-6.706161137440756759e-02,nan,nan,nan,-9.004739336492883356e-03,-1.059241706161137275e-01,1.421800947867313258e-03,nan,-7.132701421800947961e-02,-9.004739336492883356e-03,nan,nan,nan,-7.322274881516586953e-02,-5.924170616113742793e-02,nan,-1.189573459715639603e-01,nan,nan,nan,nan,nan,nan,-8.862559241706161051e-02,nan,nan,nan,nan,-1.350710900473932677e-02,nan,nan,-1.011848341232227250e-01,-2.890995260663504693e-02,-7.819905213270139654e-03,-5.853080568720377130e-02,-7.417061611374406449e-02,nan,-3.341232227488151463e-02,-1.355450236966824484e-01,nan,-1.087677725118483263e-01,-6.184834123222747448e-02,nan,nan,nan,nan,nan,0.000000000000000000e+00,nan,nan,nan,nan,nan,-1.514218009478672800e-01,-4.265402843601893978e-02,0.000000000000000000e+00,nan,nan,-1.912322274881515793e-01
4.418052256532060962e-02,nan,nan,nan,2.945368171021376519e-02,1.282660332541567597e-02,7.410926365795718340e-02,nan,nan,nan,0.000000000000000000e+00,6.745843230403796020e-02,1.030878859857481816e-01,nan,1.035629453681709694e-01,2.565320665083132765e-02,nan,nan,nan,8.812351543942986698e-02,8.883610451306409028e-02,nan,4.109263657957240579e-02,nan,nan,nan,nan,nan,nan,1.152019002375296308e-01,nan,nan,nan,nan,7.529691211401419448e-02,nan,nan,1.244655581947742978e-01,1.092636579572445754e-01,1.163895486935864233e-02,1.353919239904987637e-01,5.201900237529688553e-02,nan,1.092636579572446170e-01,6.888361045130598007e-03,nan,1.149643705463182231e-01,7.434679334916860505e-02,nan,nan,1.282660332541567597e-02,nan,nan,nan,nan,nan,nan,nan,nan,nan,1.282660332541567597e-02,0.000000000000000000e+00,3.254156769596192739e-02,nan,7.790973871733963829e-02
2.840512223515716597e-02,nan,nan,nan,3.492433061699651287e-02,2.817229336437718917e-02,8.637951105937138885e-02,nan,nan,nan,3.864959254947612777e-02,nan,1.131548311990686617e-01,nan,7.357392316647262676e-02,0.000000000000000000e+00,nan,nan,nan,1.625145518044237014e-01,8.684516880093129387e-02,nan,1.003492433061699413e-01,nan,nan,nan,nan,nan,nan,nan,nan,nan,nan,nan,1.206053550640279193e-01,nan,nan,1.674039580908032454e-01,1.515715948777648370e-01,5.541327124563446421e-02,1.238649592549476292e-01,1.415599534342258381e-01,nan,7.869615832363210939e-02,8.172293364377183900e-02,nan,1.653084982537833536e-02,7.660069848661232861e-02,nan,nan,nan,nan,nan,0.000000000000000000e+00,nan,nan,nan,nan,nan,1.280558789289872046e-01,7.566938300349243529e-02,0.000000000000000000e+00,nan,nan,1.613504074505238417e-01
1.121076233183855228e-02,nan,nan,nan,9.865470852017920941e-03,0.000000000000000000e+00,8.968609865470655862e-04,nan,nan,nan,0.000000000000000000e+00,1.343049327354259581e-01,3.811659192825089890e-03,nan,nan,0.000000000000000000e+00,nan,nan,nan,1.098654708520174772e-02,-1.457399103139018701e-02,nan,4.260089686098648964e-02,nan,nan,nan,nan,nan,nan,4.663677130044840968e-02,nan,nan,nan,nan,1.161434977578474637e-01,nan,nan,nan,3.721973094170398511e-02,2.578475336322867337e-02,8.295964125560531532e-02,9.865470852017877573e-03,nan,5.627802690582952433e-02,1.591928251121070906e-02,nan,nan,-4.484304932735461505e-03,nan,nan,nan,nan,nan,0.000000000000000000e+00,nan,nan,nan,nan,nan,3.946188340807168377e-02,1.704035874439457920e-02,0.000000000000000000e+00,nan,nan,1.793721973094086720e-03
0.000000000000000000e+00,nan,nan,nan,1.601830663615588747e-03,-2.173913043478259421e-02,4.118993135011445039e-02,nan,nan,nan,-9.839816933638445562e-03,nan,-7.780320366132719920e-03,nan,-4.370709382151027889e-02,2.151029748283753845e-02,nan,nan,nan,5.034324942791756734e-03,-1.350114416475971593e-02,nan,1.624713958810070080e-02,nan,nan,nan,nan,nan,nan,1.029748283752862648e-02,nan,nan,nan,nan,-2.288329519450798058e-02,nan,nan,2.036613272311216249e-02,-3.890160183066358746e-02,7.322654462242572833e-03,-6.956521739130434867e-02,-9.839816933638423010e-03,nan,1.876430205949661950e-02,-1.075514874141874147e-02,nan,-3.180778032036611636e-02,-1.762013729977114293e-02,nan,nan,nan,nan,nan,2.173913043478261503e-02,nan,nan,nan,nan,nan,3.501144164759728561e-02,-6.636155606407312738e-03,0.000000000000000000e+00,nan,nan,8.009153318077822520e-03
2.926267281105992060e-02,nan,nan,nan,4.239631336405531858e-02,0.000000000000000000e+00,6.935483870967747155e-02,nan,nan,nan,2.880184331797235389e-02,nan,9.032258064516132667e-02,nan,1.285714285714286143e-01,1.451612903225807383e-02,nan,nan,nan,7.442396313364060823e-02,1.493087557603686999e-01,nan,1.039170506912443087e-01,nan,nan,nan,nan,nan,nan,1.237327188940092471e-01,nan,nan,nan,nan,7.488479262672813330e-02,nan,nan,1.504608294930876444e-01,1.341013824884793315e-01,2.073732718894016804e-03,7.073732718894017168e-02,8.640552995391710678e-02,nan,1.405529953917051267e-01,9.861751152073740256e-02,nan,nan,7.534562211981572777e-02,nan,nan,nan,nan,nan,0.000000000000000000e+00,nan,nan,nan,nan,nan,1.490783410138249443e-01,5.921658986175117739e-02,0.000000000000000000e+00,nan,nan,9.815668202764979422e-02
-1.860465116279064234e-03,nan,nan,nan,1.325581395348838197e-02,1.116279069767441880e-02,-6.279069767441858296e-03,nan,nan,nan,2.790697674418607301e-03,nan,6.976744186046513266e-03,nan,-3.348837209302325812e-02,0.000000000000000000e+00,nan,nan,nan,1.232558139534884953e-02,4.186046511627905531e-03,nan,1.627906976744185677e-02,nan,nan,nan,nan,nan,nan,nan,nan,nan,nan,nan,-1.162790697674417374e-02,nan,nan,-5.930232558139534454e-02,2.837209302325581842e-02,-3.534883720930233342e-02,-2.883720930232557336e-02,7.441860465116278620e-03,nan,3.139534883720930536e-02,-7.093023255813954431e-02,nan,nan,-2.186046511627907224e-02,nan,nan,1.488372093023255724e-02,nan,nan,nan,nan,nan,nan,nan,nan,4.325581395348838953e-02,-5.558139534883720090e-02,0.000000000000000000e+00,nan,nan,-1.162790697674418415e-02
-3.440366972477063717e-02,nan,nan,nan,-1.307339449541283782e-02,0.000000000000000000e+00,-1.330275229357797892e-02,nan,nan,nan,-3.715596330275229564e-02,-1.380733944954128378e-01,-7.201834862385318725e-02,nan,nan,-5.458715596330274838e-02,nan,nan,nan,-1.259174311926605228e-01,-2.288990825688073105e-01,nan,-3.600917431192660750e-02,nan,nan,nan,nan,nan,nan,-1.699541284403669472e-01,nan,nan,nan,nan,-1.346330275229357665e-01,nan,nan,-1.545871559633027192e-01,-1.208715596330275088e-01,-1.376146788990795190e-03,-1.536697247706421687e-01,-7.087155963302751993e-02,nan,-1.027522935779816293e-01,-1.612385321100917035e-01,nan,nan,-8.807339449541283505e-02,nan,nan,nan,nan,nan,0.000000000000000000e+00,nan,nan,nan,nan,nan,-1.481651376146789212e-01,-7.224770642201834570e-02,0.000000000000000000e+00,nan,nan,-8.738532110091740135e-02
0.000000000000000000e+00,nan,nan,nan,8.644859813084115191e-03,0.000000000000000000e+00,1.238317757009348499e-02,nan,nan,nan,2.336448598130846932e-02,nan,2.803738317757013127e-02,nan,2.453271028037384838e-02,4.205607476635541894e-03,nan,nan,nan,6.144859813084117134e-02,2.126168224299069751e-02,nan,6.168224299065424437e-02,nan,nan,nan,nan,nan,nan,4.626168224299067461e-02,nan,nan,nan,nan,2.266355140186917388e-02,nan,nan,7.172897196261683594e-02,1.191588785046733198e-02,9.579439252336449662e-02,1.084112149532710373e-01,5.303738317757010490e-02,nan,3.271028037383182097e-02,4.462616822429910091e-02,nan,nan,1.401869158878510380e-02,nan,nan,8.644859813084115191e-03,nan,nan,nan,nan,nan,nan,nan,nan,5.373831775700939339e-02,1.658878504672900434e-02,0.000000000000000000e+00,nan,nan,1.985981308411220031e-02
5.084745762711866124e-02,nan,nan,nan,-1.355932203389831250e-03,0.000000000000000000e+00,8.564971751412432666e-02,nan,nan,nan,8.768361581920905423e-02,1.606779661016949634e-01,2.302824858757062665e-01,nan,nan,1.310734463276839144e-02,nan,nan,nan,1.016949152542373086e-01,4.903954802259892498e-02,nan,2.151412429378531388e-01,nan,nan,nan,nan,nan,nan,1.726553672316384624e-01,nan,nan,nan,nan,5.807909604519776586e-02,nan,nan,1.407909604519774205e-01,7.774011299435033828e-02,6.033898305084748476e-02,1.868926553672316526e-01,1.622598870056497222e-01,nan,1.367231638418079376e-01,1.335593220338983367e-01,nan,7.774011299435032440e-02,1.511864406779661330e-01,nan,nan,nan,nan,nan,0.000000000000000000e+00,nan,nan,nan,nan,nan,1.297175141242938312e-01,8.858757062146896399e-02,0.000000000000000000e+00,nan,nan,1.606779661016949634e-01
0.000000000000000000e+00,nan,nan,nan,-1.119820828667406065e-03,-6.606942889137740194e-02,-4.703247480403105127e-03,nan,nan,nan,-2.374020156774915222e-02,-8.017917133258677109e-02,-2.754759238521834602e-02,nan,-4.770436730123178704e-02,2.911534154535278147e-03,nan,nan,nan,-1.343784994400893870e-02,-4.479283314669649935e-02,nan,-2.239641657334812130e-03,nan,nan,nan,nan,nan,nan,nan,nan,nan,nan,nan,7.390817469204946644e-03,nan,nan,-8.510638297872307606e-03,-2.239641657334367933e-04,-1.858902575587904199e-02,-3.538633818589023011e-02,-6.427771556550951337e-02,nan,1.590145576707729935e-02,-4.882418812989917922e-02,nan,nan,-3.561030235162372659e-02,nan,nan,nan,nan,nan,0.000000000000000000e+00,nan,nan,nan,nan,-2.239641657334812185e-04,-9.339305711086222372e-02,nan,0.000000000000000000e+00,nan,nan,-8.286674132138826740e-03
-1.583236321303842578e-02,nan,nan,nan,1.396973224679864912e-03,0.000000000000000000e+00,-2.956926658905702915e-02,nan,nan,nan,0.000000000000000000e+00,nan,-3.003492433061699662e-02,nan,1.373690337601865021e-02,-2.421420256111756972e-02,nan,nan,nan,-8.335273573923168700e-02,-9.452852153667049007e-02,nan,-2.910360884749707555e-02,nan,nan,nan,nan,nan,nan,-1.094295692665889740e-02,nan,nan,nan,nan,-3.934807916181607551e-02,nan,nan,-2.863795110593713236e-02,-1.187427240977880806e-02,-1.746216530849824602e-02,-8.847497089639115575e-02,-5.657741559953431004e-02,nan,-2.072176949941790733e-02,-1.240977881257275817e-01,nan,2.211874272409779588e-02,-6.752037252619325081e-02,nan,nan,nan,nan,nan,0.000000000000000000e+00,nan,nan,nan,nan,nan,-6.728754365541325666e-02,-6.984866123399298410e-02,0.000000000000000000e+00,nan,nan,-1.769499417927821242e-02
8.705357142857150093e-03,nan,nan,nan,4.241071428571452535e-03,0.000000000000000000e+00,-4.084821428571425855e-02,nan,nan,nan,-8.928571428571396851e-03,-2.232142857142858233e-02,1.696428571428571994e-02,nan,nan,1.741071428571430019e-02,nan,nan,nan,-2.790178571428569843e-02,-3.794642857142849299e-03,nan,-6.495535714285713413e-02,nan,nan,nan,nan,nan,nan,nan,nan,nan,nan,nan,7.812500000000000000e-03,nan,nan,3.750000000000001943e-02,-1.830357142857142946e-02,3.482142857142860037e-02,-3.861607142857141628e-02,-2.142857142857141836e-02,nan,-5.357142857142854764e-02,1.517857142857143016e-02,nan,-4.754464285714282701e-02,1.495535714285716258e-02,nan,nan,nan,nan,nan,0.000000000000000000e+00,nan,nan,nan,nan,nan,-3.794642857142856845e-02,-1.562499999999997745e-02,0.000000000000000000e+00,nan,nan,-3.348214285714246063e-03
0.000000000000000000e+00,nan,nan,nan,-1.922626025791324134e-02,-6.799531066822972654e-03,-1.008206330597889375e-02,nan,nan,nan,0.000000000000000000e+00,nan,-2.860492379835872720e-02,nan,-7.878077373974207154e-02,-3.892145369284875922e-02,nan,nan,nan,-2.743259085580303930e-02,-6.236811254396246174e-02,nan,-6.307151230949589737e-02,nan,nan,nan,nan,nan,nan,-5.978898007033994766e-02,nan,nan,nan,nan,1.547479484173505150e-02,nan,nan,-1.146541617819460956e-01,-6.565064478311839757e-02,-3.470105509964828416e-02,-3.048065650644782298e-02,-6.330597889800701483e-02,nan,-2.415005861664711734e-02,-4.079718640093786541e-02,nan,nan,-5.463071512309494032e-02,nan,nan,nan,nan,nan,0.000000000000000000e+00,nan,nan,nan,nan,nan,-8.018757327080887343e-02,-3.282532239155921960e-03,0.000000000000000000e+00,nan,nan,-7.010550996482999009e-02
5.029655990510082525e-02,nan,nan,nan,3.511269276393831629e-02,1.435349940688018799e-01,4.982206405693947321e-02,nan,nan,nan,6.880189798339264584e-03,nan,1.022538552787662924e-01,nan,8.256227758007113338e-02,3.107947805456701129e-02,nan,nan,nan,3.297746144721232231e-02,1.034400948991696101e-01,nan,1.100830367734282056e-01,nan,nan,nan,nan,nan,nan,2.830367734282324688e-01,nan,nan,nan,nan,1.172004744958481393e-01,nan,nan,1.326215895610913242e-01,1.482799525504151783e-01,6.453143534994065789e-02,1.169632265717674979e-01,6.429418742586001656e-02,nan,2.206405693950178049e-01,-7.117437722419972697e-03,nan,nan,9.015421115065213459e-03,nan,nan,nan,nan,nan,0.000000000000000000e+00,nan,nan,nan,nan,3.534994068801895761e-02,1.629893238434163283e-01,nan,0.000000000000000000e+00,nan,nan,1.326215895610913242e-01
0.000000000000000000e+00,nan,nan,nan,1.474860335195529205e-02,6.927374301675970694e-03,7.374301675977634751e-03,nan,nan,nan,3.173184357541898593e-02,nan,3.843575418994412546e-02,nan,-8.491620111731856477e-03,6.927374301675970694e-03,nan,nan,nan,-4.022346368715101414e-03,4.245810055865895279e-03,nan,-4.916201117318441671e-03,nan,nan,nan,nan,nan,nan,-5.519553072625699164e-02,nan,nan,nan,nan,8.491620111731833925e-03,nan,nan,-3.061452513966481798e-02,3.575418994413405438e-02,6.480446927374294494e-03,2.614525139664802822e-02,7.441340782122901620e-02,nan,3.374301675977651321e-02,1.787709497206703066e-02,nan,1.832402234636867216e-02,-5.899441340782124454e-02,nan,nan,nan,nan,nan,0.000000000000000000e+00,nan,nan,nan,nan,nan,2.078212290502791035e-02,6.703910614525132160e-04,0.000000000000000000e+00,nan,nan,6.748603351955304031e-02
2.426303854875285632e-02,nan,nan,nan,6.349206349206353017e-02,1.043083900226760008e-02,nan,nan,nan,nan,1.496598639455782587e-01,nan,8.752834467120187978e-02,nan,1.256235827664399785e-01,9.977324263038567578e-03,nan,nan,nan,5.374149659863952655e-02,8.866213151927443414e-02,nan,9.750566893424042481e-02,nan,nan,nan,nan,nan,nan,9.886621315192750670e-02,nan,nan,nan,nan,1.238095238095238554e-01,nan,nan,4.535147392290254237e-02,7.687074829931976605e-02,1.088435374149665513e-02,6.780045351473926174e-02,5.283446712018145114e-02,nan,1.002267573696145470e-01,-1.156462585034003822e-02,nan,1.049886621315193336e-01,4.421768707482996025e-02,nan,nan,nan,nan,nan,4.535147392290328266e-04,nan,nan,nan,2.312925170068028807e-02,nan,7.097505668934243894e-02,nan,0.000000000000000000e+00,nan,nan,4.716553287981865850e-02
-2.955082742316783584e-02,nan,nan,nan,-9.456264775413725232e-04,-2.056737588652481769e-02,-8.274231678486999170e-03,nan,nan,nan,-2.080378250591016082e-02,nan,-1.371158392434987904e-02,nan,-1.654846335697399834e-02,-1.300236406619384964e-02,nan,nan,nan,-2.174940898345153334e-02,-4.728132387706851340e-03,nan,-1.749408983451538127e-02,nan,nan,nan,nan,nan,nan,-2.434988179669028696e-02,nan,nan,nan,nan,-2.056737588652481769e-02,nan,nan,-5.555555555555555941e-02,2.600472813238767847e-02,2.127659574468088177e-03,-6.288416075650118953e-02,-5.153664302600473313e-02,nan,-2.222222222222223348e-02,1.040189125295507520e-02,nan,-2.624113475177307711e-02,-1.749408983451537086e-02,nan,nan,nan,nan,nan,0.000000000000000000e+00,nan,nan,nan,nan,nan,3.782505910165478817e-03,-2.742316784869975807e-02,0.000000000000000000e+00,nan,nan,1.914893617021275890e-02
-3.986095017381228317e-02,nan,nan,nan,-2.641946697566628297e-02,-4.287369640787950381e-02,-3.314020857473927439e-02,nan,nan,nan,-6.349942062572422330e-02,nan,1.228273464658169445e-02,nan,-3.522595596755502545e-02,-7.415990730011578873e-03,nan,nan,nan,4.101969872537658546e-02,7.485515643105444816e-02,nan,-3.105446118192353028e-02,nan,nan,nan,nan,nan,nan,nan,nan,nan,nan,nan,-3.800695249130938563e-02,nan,nan,-1.413673232908457811e-02,-3.012746234067198523e-03,-8.111239860950169786e-03,-3.847045191193511349e-02,2.549246813441485848e-03,nan,-6.187717265353417234e-02,-5.330243337195825909e-02,nan,-6.164542294322130495e-02,-8.389339513325608233e-02,nan,nan,nan,nan,nan,-5.353418308227116118e-02,nan,nan,nan,nan,nan,1.668597914252606396e-02,-2.966396292004633978e-02,0.000000000000000000e+00,nan,nan,-3.198146002317497905e-02
2.976744186046515958e-02,nan,nan,nan,0.000000000000000000e+00,1.813953488372093206e-02,9.767441860465117531e-02,nan,nan,nan,5.883720930232558960e-02,nan,8.488372093023259513e-02,nan,1.553488372093023429e-01,1.669767441860465218e-01,nan,nan,nan,1.348837209302325979e-01,1.548837209302325879e-01,nan,1.355813953488372303e-01,nan,nan,nan,nan,nan,nan,1.855813953488372192e-01,nan,nan,nan,nan,1.127906976744186274e-01,nan,nan,1.369767441860465784e-01,1.772093023255814359e-01,5.767441860465118142e-02,1.376744186046511831e-01,1.097674418604651370e-01,nan,1.672093023255814548e-01,1.234883720930232964e-01,nan,nan,1.090697674418605045e-01,nan,nan,nan,nan,nan,0.000000000000000000e+00,nan,nan,nan,nan,nan,1.576744186046512008e-01,8.488372093023258125e-02,0.000000000000000000e+00,nan,nan,1.060465116279070141e-01
0.000000000000000000e+00,nan,nan,nan,7.062857142857140169e-02,2.742857142857140287e-02,4.274285714285710330e-02,nan,nan,nan,9.394285714285710576e-02,nan,1.042285714285713788e-01,nan,8.365714285714280496e-02,4.251428571428568504e-02,nan,nan,nan,2.002285714285713669e-01,1.042285714285713788e-01,nan,1.748571428571427944e-01,nan,nan,nan,nan,nan,nan,nan,nan,nan,nan,nan,1.963428571428570968e-01,nan,nan,1.538285714285713701e-01,1.535999999999999588e-01,1.183999999999999220e-01,1.277714285714285358e-01,1.300571428571428156e-01,nan,1.007999999999999591e-01,2.034285714285708618e-02,nan,nan,8.525714285714283691e-02,nan,nan,nan,nan,nan,4.731428571428571150e-02,nan,nan,nan,nan,nan,1.394285714285713740e-01,7.062857142857137394e-02,0.000000000000000000e+00,nan,nan,1.860571428571428099e-01
-5.760368663594472860e-03,nan,nan,nan,-6.221198156682039571e-03,0.000000000000000000e+00,-2.741935483870970927e-02,nan,nan,nan,-1.076036866359447453e-01,-5.276497695852535447e-02,-3.986175115207374331e-02,nan,-3.202764976958526189e-02,0.000000000000000000e+00,nan,nan,nan,-6.036866359447007335e-02,-5.875576036866362456e-02,nan,-2.235023041474656219e-02,nan,nan,nan,nan,nan,nan,nan,nan,nan,nan,nan,-1.728110599078342899e-02,nan,nan,-7.211981566820278855e-02,-3.433179723502306768e-02,-1.244239631336406873e-02,-3.940092165898619048e-02,-1.290322580645162330e-02,nan,-9.170506912442399905e-02,-6.036866359447007335e-02,nan,-9.331797235023042703e-02,-8.271889400921660085e-02,nan,nan,nan,nan,nan,0.000000000000000000e+00,nan,nan,nan,nan,nan,-5.046082949308757643e-02,0.000000000000000000e+00,0.000000000000000000e+00,nan,nan,-9.331797235023044090e-02
1.172332942555698310e-03,nan,nan,nan,1.055099648300119632e-02,4.689331770222793130e-04,4.665885111371632921e-02,nan,nan,nan,-2.813599062133631534e-03,nan,4.267291910902699936e-02,nan,8.792497069167645729e-02,-3.376318874560373107e-02,nan,nan,nan,2.579132473622511995e-02,3.024618991793669512e-02,nan,2.180539273153576582e-02,nan,nan,nan,nan,nan,nan,8.839390386869871996e-02,nan,nan,nan,nan,1.641266119577959939e-02,nan,nan,5.978898007033998929e-02,5.439624853458382286e-02,-2.813599062133609417e-03,4.126611957796015584e-02,2.063305978898009180e-02,nan,8.206330597889822248e-03,-5.322391559202812455e-02,nan,nan,3.892145369284878698e-02,nan,nan,nan,nan,nan,4.689331770222793130e-04,nan,nan,nan,nan,nan,7.737397420867564782e-03,1.547479484173506191e-02,0.000000000000000000e+00,nan,nan,-2.344665885111369905e-02
-9.269988412514484216e-03,nan,nan,nan,0.000000000000000000e+00,0.000000000000000000e+00,-9.269988412514473591e-04,nan,nan,nan,0.000000000000000000e+00,nan,-3.916570104287370180e-02,nan,-5.538818076477403096e-02,-4.403244495944380783e-03,nan,nan,nan,-4.310544611819235733e-02,-1.758980301274623570e-01,nan,-5.446118192352260301e-02,nan,nan,nan,nan,nan,nan,-9.154113557358052600e-02,nan,nan,nan,nan,-1.309385863267670813e-01,nan,nan,-8.435689455388181712e-02,-7.647740440324449218e-02,-2.224797219003476004e-02,-5.399768250289688210e-02,-4.634994206257242455e-02,nan,-5.631517960602550055e-02,-5.376593279258400082e-02,nan,nan,-1.413673232908458852e-02,nan,nan,nan,nan,nan,0.000000000000000000e+00,nan,nan,nan,nan,nan,-4.843568945538817561e-02,-3.847045191193509961e-02,0.000000000000000000e+00,nan,nan,-9.154113557358051212e-02
6.790266512166862056e-02,nan,nan,nan,1.158748551564314777e-02,0.000000000000000000e+00,8.551564310544615410e-02,nan,nan,nan,0.000000000000000000e+00,nan,5.144843568945539625e-02,nan,5.422943221320974949e-02,0.000000000000000000e+00,nan,nan,nan,1.066048667439165598e-01,5.307068366164544720e-02,nan,1.476245654692932008e-01,nan,nan,nan,nan,nan,nan,1.492468134414832170e-01,nan,nan,nan,nan,6.767091541135576704e-02,nan,nan,1.682502896871378995e-01,1.276940903823870488e-01,2.280417149478563554e-01,8.505214368482041931e-02,4.843568945538821030e-02,nan,7.091541135573584120e-02,1.511008111239861285e-01,nan,9.362688296639629093e-02,4.472769409038239441e-02,nan,nan,nan,nan,nan,0.000000000000000000e+00,nan,nan,nan,nan,nan,1.805330243337196217e-01,4.634994206257241067e-02,0.000000000000000000e+00,nan,nan,7.439165701042874113e-02
-9.131403118040126027e-03,nan,nan,nan,0.000000000000000000e+00,0.000000000000000000e+00,1.781737193763888215e-03,nan,nan,nan,2.939866369710466415e-02,nan,5.434298440979952460e-02,nan,-9.799554565701607337e-03,2.783964365256124188e-02,nan,nan,nan,-1.247216035634746145e-02,-6.681514476614913928e-04,nan,3.608017817371931418e-02,nan,nan,nan,nan,nan,nan,nan,nan,nan,nan,nan,-4.899777282850847904e-03,nan,nan,-1.514476614699337108e-02,5.723830734966585398e-02,1.804008908685967791e-02,-2.783964365256128698e-02,2.761692650334072324e-02,nan,2.204899777282846168e-02,4.498886414253892158e-02,nan,4.721603563474381648e-02,1.514476614699326006e-02,nan,nan,nan,nan,nan,0.000000000000000000e+00,nan,nan,nan,nan,nan,6.726057906458791924e-02,1.158129175946546151e-02,0.000000000000000000e+00,nan,nan,5.256124721603559063e-02
-6.236080178173719450e-03,nan,nan,nan,0.000000000000000000e+00,0.000000000000000000e+00,1.113585746102441166e-03,nan,nan,nan,-2.561247216035635738e-02,nan,-8.730512249443209138e-02,nan,-7.505567928730511040e-02,-4.008908685968826276e-03,nan,nan,nan,-4.454342984409799533e-02,-8.775055679287306620e-02,nan,-1.559020044543446559e-03,nan,nan,nan,nan,nan,nan,-6.659242761692651946e-02,nan,nan,nan,nan,-4.053452115812920115e-02,nan,nan,-9.710467706013366229e-02,-6.146993318485525354e-02,-4.164810690423163819e-02,-4.899777282850814944e-03,-2.761692650334076488e-02,nan,-4.454342984409802308e-02,2.427616926503339823e-02,nan,nan,-8.329621380846327638e-02,nan,nan,nan,nan,nan,0.000000000000000000e+00,nan,nan,nan,nan,nan,nan,-1.158129175946548406e-02,0.000000000000000000e+00,8.908685968819329403e-04,nan,-4.743875278396440104e-02
-8.968609865470878123e-04,nan,nan,nan,-8.744394618834094163e-03,-5.156950672645743347e-03,9.865470852017920941e-03,nan,nan,nan,-2.242152466367719477e-03,nan,2.982062780269055871e-02,nan,5.964125560538115212e-02,-8.968609865470878123e-04,nan,nan,nan,2.825112107623315577e-02,2.780269058295964379e-02,nan,2.197309417040357177e-02,nan,nan,nan,nan,nan,nan,1.816143497757845976e-02,nan,nan,nan,nan,4.932735426008938787e-03,nan,nan,nan,-2.331838565022423954e-02,4.910313901345290249e-02,3.632286995515693340e-02,-8.542600896860988446e-02,nan,-2.242152466367741594e-03,5.582959641255602623e-02,nan,-6.053811659192842760e-03,-3.587443946188339974e-03,nan,nan,nan,nan,nan,-9.865470852017943493e-03,nan,nan,nan,nan,nan,-5.156950672645765898e-03,1.031390134529147629e-02,0.000000000000000000e+00,nan,nan,-3.991031390134532064e-02
-9.345794392523365524e-03,nan,nan,nan,0.000000000000000000e+00,-5.373831775700943503e-03,-7.476635514018692419e-02,nan,nan,nan,-9.345794392523365524e-03,nan,-9.836448598130842491e-02,nan,-3.621495327102806222e-02,-1.869158878504673105e-02,nan,nan,nan,-1.144859813084112277e-01,-5.747663551401871462e-02,nan,-5.140186915887849650e-02,nan,nan,nan,nan,nan,nan,nan,nan,nan,nan,nan,-3.565420560747663559e-01,nan,nan,nan,-7.126168224299066212e-02,-4.065420560747663725e-02,-7.710280373831779333e-02,-1.130841121495327339e-01,nan,-7.640186915887851871e-02,1.355140186915885191e-02,nan,-4.859813084112152293e-02,-1.806074766355140193e-01,nan,nan,nan,nan,nan,-2.516355140186915529e-01,nan,nan,nan,nan,nan,2.336448598130840340e-02,-2.920560747663551032e-02,0.000000000000000000e+00,nan,nan,-1.728971962616823038e-02
3.661971830985919635e-02,nan,nan,nan,0.000000000000000000e+00,1.619718309859154853e-02,9.507042253521132136e-02,nan,nan,nan,1.619718309859154853e-02,nan,5.821596244131459208e-02,nan,7.065727699530519046e-02,5.563380281690143148e-02,nan,nan,nan,1.410798122065727855e-01,9.859154929577471083e-02,nan,5.305164319248831944e-02,nan,nan,nan,nan,nan,nan,nan,nan,nan,nan,nan,8.356807511737093797e-02,nan,nan,1.974178403755869060e-01,1.417840375586854884e-01,1.446009389671361889e-01,1.392018779342723556e-01,1.082159624413145949e-01,nan,1.511737089201878326e-01,6.572769953051649239e-02,nan,1.361502347417840597e-01,9.413145539906106474e-02,nan,nan,nan,nan,nan,0.000000000000000000e+00,nan,nan,nan,nan,nan,1.596244131455399340e-01,2.347417840375731811e-04,0.000000000000000000e+00,nan,nan,1.734741784037559242e-01
-6.033519553072623498e-02,nan,nan,nan,0.000000000000000000e+00,-2.301675977653631355e-01,-1.653631284916199512e-02,nan,nan,nan,-2.011173184357539778e-02,nan,-1.796648044692737145e-01,nan,-3.128491620111729932e-02,-6.837988826815639964e-02,nan,nan,nan,-5.541899441340778637e-02,-1.056983240223463572e-01,nan,-1.459217877094971805e-01,nan,nan,nan,nan,nan,nan,-6.726256983240219700e-02,nan,nan,nan,nan,-5.653631284916196126e-02,nan,nan,-6.949720670391060229e-02,-1.731843575418993975e-01,-1.787709497206702025e-02,-1.436871508379888029e-01,-1.356424581005586383e-01,nan,-1.883798882681563813e-01,-1.094972067039106101e-01,nan,-1.910614525139664732e-01,-2.344134078212290473e-01,nan,nan,nan,nan,nan,2.346368715083801959e-02,nan,nan,nan,-4.022346368715083720e-02,nan,-1.255865921787709116e-01,nan,0.000000000000000000e+00,nan,nan,-1.834636871508379952e-01
6.534422403733963595e-03,nan,nan,nan,-9.101516919486574153e-03,4.200700116686118153e-03,1.866977829638272277e-03,nan,nan,nan,1.843640606767793511e-02,-9.334889148191360952e-03,2.940490081680278284e-02,nan,nan,-2.333722287047841279e-02,nan,nan,nan,1.866977829638272277e-03,2.357059509918319959e-02,nan,-5.367561260210052150e-03,nan,nan,nan,nan,nan,nan,3.710618436406067089e-02,nan,nan,nan,nan,7.934655775962640156e-03,nan,nan,-2.520420070011668637e-02,-5.624270711785297333e-02,1.400233372228698678e-03,-1.376896149358227718e-02,-4.527421236872812560e-02,nan,-1.376896149358228759e-02,-1.680280046674449343e-02,nan,2.287047841306883919e-02,-4.294049008168025761e-02,nan,nan,nan,nan,nan,0.000000000000000000e+00,nan,nan,nan,nan,nan,3.570595099183197091e-02,-8.634772462077011657e-02,0.000000000000000000e+00,nan,nan,4.714119019836639224e-02
0.000000000000000000e+00,nan,nan,nan,4.845714285714284447e-02,0.000000000000000000e+00,2.285714285714224412e-04,nan,nan,nan,-2.765714285714286971e-02,2.514285714285657749e-03,2.651428571428569164e-02,nan,nan,3.771428571428570020e-02,nan,nan,nan,-3.017142857142858167e-02,7.177142857142852772e-02,nan,-2.788571428571433655e-02,nan,nan,nan,nan,nan,nan,9.165714285714281206e-02,nan,nan,nan,nan,3.954285714285710185e-02,nan,nan,nan,6.171428571428567988e-02,1.257142857142856673e-02,5.577142857142851351e-02,4.114285714285692737e-03,nan,3.725714285714278734e-02,1.142857142857134269e-03,nan,nan,2.057142857142801699e-03,nan,nan,nan,nan,nan,0.000000000000000000e+00,nan,nan,nan,nan,nan,5.394285714285711186e-02,0.000000000000000000e+00,0.000000000000000000e+00,nan,nan,4.708571428571425160e-02
1.121076233183848679e-03,nan,nan,nan,-3.632286995515698891e-02,-8.968609865470877907e-03,2.578475336322864214e-02,nan,nan,nan,0.000000000000000000e+00,1.029147982062779965e-01,1.141255605381165383e-01,nan,nan,0.000000000000000000e+00,nan,nan,nan,-1.345291479820631773e-03,1.260089686098654072e-01,nan,1.089686098654707863e-01,nan,nan,nan,nan,nan,nan,1.038116591928250620e-01,nan,nan,nan,nan,2.443946188340804376e-02,nan,nan,1.701793721973093587e-01,1.062780269058295479e-01,4.618834080717485607e-02,1.186098654708519912e-01,3.139013452914796165e-02,nan,1.742152466367712371e-01,7.399103139013449293e-02,nan,nan,4.461883408071744272e-02,nan,nan,nan,nan,nan,3.542600896860984699e-02,nan,nan,nan,nan,nan,1.571748878923766579e-01,-3.139013452914829298e-03,0.000000000000000000e+00,nan,nan,1.139013452914797997e-01
-4.755244755244756455e-02,nan,nan,nan,1.631701631701631917e-03,-4.195804195804187127e-03,-1.911421911421913242e-02,nan,nan,nan,0.000000000000000000e+00,-3.566433566433568902e-02,3.962703962703972675e-03,nan,-2.074592074592076368e-02,1.864801864801868270e-03,nan,nan,nan,-6.410256410256412463e-02,-1.002331002331002807e-02,nan,-7.226107226107214392e-03,nan,nan,nan,nan,nan,nan,4.825174825174823046e-02,nan,nan,nan,nan,-3.543123543123542774e-02,nan,nan,-1.095571095571098476e-02,-8.624708624708621665e-03,-1.491841491841492361e-02,-2.237762237762236373e-02,3.053613053613051312e-02,nan,-1.095571095571095180e-02,-4.662004662004659399e-03,nan,-2.494172494172496382e-02,-3.496503496503496067e-02,nan,nan,nan,nan,nan,0.000000000000000000e+00,nan,nan,nan,nan,nan,nan,-2.983682983682982640e-02,0.000000000000000000e+00,9.790209790209780660e-03,nan,-2.494172494172497423e-02
0.000000000000000000e+00,nan,nan,nan,-5.780346820809245667e-03,0.000000000000000000e+00,-2.774566473988438961e-02,nan,nan,nan,0.000000000000000000e+00,-1.690173410404623711e-01,-1.285549132947976791e-01,nan,nan,-6.936416184971094800e-03,nan,nan,nan,-7.722543352601154987e-02,-4.601156069364161633e-02,nan,-6.196531791907513437e-02,nan,nan,nan,nan,nan,nan,-1.396531791907514308e-01,nan,nan,nan,nan,-8.878612716763004120e-02,nan,nan,nan,-1.294797687861271862e-01,-6.543352601156068871e-02,-1.343352601156069248e-01,-1.128323699421965171e-01,nan,-9.433526011560691704e-02,0.000000000000000000e+00,nan,nan,-2.728323699421964996e-02,nan,nan,nan,nan,nan,0.000000000000000000e+00,nan,nan,nan,nan,nan,-1.720231213872832066e-01,-4.971098265895953355e-02,0.000000000000000000e+00,nan,nan,-7.699421965317918004e-02
-3.502304147465438305e-02,nan,nan,nan,-2.096774193548387594e-02,-1.866359447004608402e-02,7.603686635944695467e-03,nan,nan,nan,-1.843317972350230066e-02,nan,-9.723502304147466080e-02,nan,-3.571428571428571230e-02,-2.419354838709677352e-02,nan,nan,nan,-1.472350230414746775e-01,-1.283410138248847754e-01,nan,-1.179723502304147742e-01,nan,nan,nan,nan,nan,nan,-4.930875576036865271e-02,nan,nan,nan,nan,-1.009216589861750835e-01,nan,nan,-9.423963133640551881e-02,-7.281105990783409698e-02,-9.078341013824889338e-02,-4.700460829493087467e-02,-8.847926267281107371e-02,nan,-8.156682027649769795e-02,-8.479262672811060941e-02,nan,-7.235023041474654415e-02,-9.262672811059906308e-02,nan,nan,nan,nan,nan,-1.635944700460829557e-02,nan,nan,nan,nan,nan,-3.341013824884795508e-02,-9.562211981566819119e-02,0.000000000000000000e+00,nan,nan,-7.741935483870970858e-02
7.167235494880548619e-02,nan,nan,nan,-4.550625711035261251e-04,5.346985210466439348e-02,7.281001137656439685e-03,nan,nan,nan,1.228668941979522630e-02,2.844141069397043697e-02,4.846416382252560773e-02,nan,nan,7.963594994311717218e-03,nan,nan,nan,3.640500568828212991e-02,4.027303754266209346e-02,nan,-9.101251422070743679e-04,nan,nan,nan,nan,nan,nan,7.326507394766779147e-02,nan,nan,nan,nan,1.592718998862352551e-03,nan,nan,nan,9.647326507394765605e-02,1.501706484641638327e-02,-3.868031854379960950e-03,1.820250284414106495e-02,nan,1.843003412969285160e-02,7.736063708759966136e-03,nan,-1.001137656427759579e-02,4.800910125142208995e-02,nan,nan,nan,nan,nan,0.000000000000000000e+00,nan,nan,nan,nan,nan,1.212741751990898675e-01,4.118316268486919146e-02,0.000000000000000000e+00,nan,nan,7.872582480091011581e-02
3.146853146853147154e-02,nan,nan,nan,9.090909090909083529e-03,0.000000000000000000e+00,1.724941724941725374e-02,nan,nan,nan,0.000000000000000000e+00,nan,6.993006993007089495e-04,nan,5.268065268065270923e-02,0.000000000000000000e+00,nan,nan,nan,3.496503496503500404e-03,6.526806526806527668e-03,nan,4.428904428904423263e-03,nan,nan,nan,nan,nan,nan,7.319347319347319081e-02,nan,nan,nan,nan,2.634032634032633727e-02,nan,nan,6.759906759906761375e-02,6.340326340326341015e-02,2.564102564102554993e-03,-3.310023310023309240e-02,7.435897435897437235e-02,nan,8.205128205128206509e-02,5.594405594405604809e-03,nan,nan,2.261072261072261114e-02,nan,nan,4.452214452214452167e-02,nan,nan,nan,nan,nan,nan,nan,nan,6.993006993006996297e-02,2.564102564102577111e-03,0.000000000000000000e+00,nan,nan,0.000000000000000000e+00
0.000000000000000000e+00,nan,nan,nan,1.400233372228687403e-03,1.026837806301048560e-02,-2.520420070011670718e-02,nan,nan,nan,0.000000000000000000e+00,nan,-1.122520420070011876e-01,nan,-2.380396732788802108e-02,1.236872812135355638e-02,nan,nan,nan,-3.617269544924158614e-02,-3.080513418903150363e-02,nan,-6.604434072345395645e-02,nan,nan,nan,nan,nan,nan,nan,nan,nan,nan,nan,-7.001166861143525919e-03,nan,nan,-4.994165694282384077e-02,-4.900816802800511511e-03,-3.033838973162206274e-03,-4.014002333722290622e-02,6.067677946324378721e-03,nan,-6.441073512252046274e-02,3.290548424737455013e-02,nan,-2.730455075845978838e-02,-2.333722287047879269e-03,nan,nan,nan,nan,nan,0.000000000000000000e+00,nan,nan,nan,nan,nan,-4.200700116686139837e-03,-1.540256709451575182e-02,0.000000000000000000e+00,nan,nan,2.333722287047834600e-03
5.122494432071278067e-03,nan,nan,nan,-6.681514476614691667e-04,0.000000000000000000e+00,-4.053452115812916645e-02,nan,nan,nan,5.567928730512250284e-03,nan,-1.492204899777281948e-02,nan,-5.523385300668150893e-02,-2.093541202672606280e-02,nan,nan,nan,2.561247216035637125e-02,-8.507795100222713403e-02,nan,-6.124721603563471062e-02,nan,nan,nan,nan,nan,nan,-8.463251670378615921e-02,nan,nan,nan,nan,-1.327394209354119947e-01,nan,nan,-8.151447661469932160e-02,-5.033407572383070960e-02,-1.848552338530064926e-02,-4.365256124721601794e-02,-1.910913140311803760e-01,nan,-3.786191536748326897e-02,-8.886414253897549631e-02,nan,nan,-8.396436525612473167e-02,nan,nan,nan,nan,nan,-2.895322939866369280e-02,nan,nan,nan,nan,nan,-7.639198218262803486e-02,-3.118040089086859812e-02,0.000000000000000000e+00,nan,nan,-5.167037861915365488e-02
-3.329479768786126892e-02,nan,nan,nan,-2.936416184971096799e-02,0.000000000000000000e+00,-1.193063583815028722e-01,nan,nan,nan,-1.618497109826588787e-02,nan,-4.578034682080922568e-02,nan,-6.936416184971094800e-02,-1.919075144508669561e-02,nan,nan,nan,-6.566473988439303078e-02,-3.722543352601152822e-02,nan,-4.254335260115603423e-02,nan,nan,nan,nan,nan,nan,-3.606936416184969296e-02,nan,nan,nan,nan,-6.173410404624275760e-02,nan,nan,-1.211560693641618308e-01,-1.225433526011560359e-01,-6.219653179190748338e-02,-1.919075144508669561e-02,-6.867052023121385240e-02,nan,-3.861271676300576106e-02,-4.971098265895951274e-02,nan,-2.682080924855488949e-02,-3.699421965317905951e-03,nan,nan,nan,nan,nan,0.000000000000000000e+00,nan,nan,nan,nan,nan,-9.433526011560688929e-02,-1.017341040462424982e-02,0.000000000000000000e+00,nan,nan,-3.375722543352597388e-02
3.360184119677791376e-02,nan,nan,nan,5.385500575373993598e-02,0.000000000000000000e+00,6.444188722669737246e-02,nan,nan,nan,7.318757192174914217e-02,2.011507479861910086e-01,1.150747986191024419e-01,nan,3.014959723820485188e-02,-6.904487917146040054e-04,nan,nan,nan,8.400460299194476010e-02,6.191024165707710580e-02,nan,8.584579976985040606e-02,nan,nan,nan,nan,nan,nan,1.806674338319907702e-01,nan,nan,nan,nan,6.904487917146262315e-04,nan,nan,2.110471806674338313e-01,1.111622554660529616e-01,1.150747986191036311e-03,6.006904487917148761e-02,5.592635212888379115e-02,nan,1.079401611047180742e-01,1.302646720368239308e-01,nan,6.306098964326814493e-02,1.831990794016110091e-01,nan,nan,nan,nan,nan,5.983889528193331135e-03,nan,nan,nan,nan,nan,2.087456846950518086e-01,2.347525891829689224e-02,0.000000000000000000e+00,nan,nan,1.362485615650172455e-01
1.750289017341040698e-01,nan,nan,nan,9.664739884393062919e-02,2.416184971098265799e-01,1.650867052023121118e-01,nan,nan,nan,2.083236994219653249e-01,1.831213872832370138e-01,2.876300578034681754e-01,nan,nan,2.309826589595375401e-01,nan,nan,nan,1.722543352601156041e-01,7.606936416184972849e-02,nan,1.660115606936416466e-01,nan,nan,nan,nan,nan,nan,2.034682080924855307e-01,nan,nan,nan,nan,2.487861271676300168e-01,nan,nan,1.551445086705202647e-01,9.109826589595375335e-02,1.505202312138728404e-01,2.448554913294797575e-01,1.236994219653179405e-01,nan,1.685549132947977147e-01,6.774566473988441473e-02,nan,1.623121387283237016e-01,1.167630057803468180e-01,nan,nan,nan,nan,nan,1.750289017341040698e-01,nan,nan,nan,2.416184971098265799e-01,nan,1.475144508670520604e-01,nan,0.000000000000000000e+00,nan,nan,2.811560693641618203e-01
8.581644815256261188e-03,nan,nan,nan,0.000000000000000000e+00,-1.644815256257449107e-02,8.820023837902268155e-03,nan,nan,nan,-1.644815256257449107e-02,-8.510131108462455629e-02,-1.644815256257449107e-02,nan,nan,0.000000000000000000e+00,nan,nan,nan,-3.098927294398101835e-03,2.026221692491061294e-02,nan,1.907032181168056770e-02,nan,nan,nan,nan,nan,nan,-1.287246722288439872e-02,nan,nan,nan,nan,-7.389749702026227225e-03,nan,nan,-2.789034564958284973e-02,4.052443384982129700e-03,1.191895113230034831e-03,-1.048867699642431484e-01,-6.650774731823599906e-02,nan,5.959475566150174153e-03,-2.169249106078668943e-02,nan,nan,-2.502979737783074185e-02,nan,nan,nan,nan,nan,0.000000000000000000e+00,nan,nan,nan,nan,nan,-4.004767580452920500e-02,1.120381406436233782e-02,0.000000000000000000e+00,nan,nan,-1.668653158522052232e-02
-1.484716157205241346e-02,nan,nan,nan,6.986899563318771378e-03,-2.314410480349344754e-02,-8.733624454148491978e-03,nan,nan,nan,-3.056768558951965600e-02,nan,-9.323144104803496313e-02,nan,-3.231441048034937313e-02,-2.314410480349344754e-02,nan,nan,nan,-1.528384279475985055e-02,-2.401746724890830784e-02,nan,-7.925764192139737874e-02,nan,nan,nan,nan,nan,nan,-7.161572052401747601e-02,nan,nan,nan,nan,-1.091703056768567135e-03,nan,nan,-5.873362445414850169e-02,-1.032751091703057178e-01,-2.510917030567686586e-02,-5.436681222707426958e-02,-1.646288209606986963e-01,nan,-7.445414847161577199e-02,-8.406113537117905488e-02,nan,-7.205240174672493392e-02,-1.310043668122284812e-03,nan,nan,nan,nan,nan,0.000000000000000000e+00,nan,nan,nan,nan,nan,-1.161572052401746991e-01,-3.056768558951965600e-02,0.000000000000000000e+00,nan,nan,-3.799126637554585406e-02
3.947368421052632574e-03,nan,nan,nan,0.000000000000000000e+00,0.000000000000000000e+00,2.192982456140346419e-03,nan,nan,nan,-6.030701754385967700e-02,nan,3.048245614035087828e-02,nan,2.565789473684209135e-02,7.017543859649111662e-03,nan,nan,nan,4.385964912280493127e-04,3.771929824561402744e-02,nan,1.907894736842103908e-02,nan,nan,nan,nan,nan,nan,7.390350877192983226e-02,nan,nan,nan,nan,3.574561403508771246e-02,nan,nan,4.605263157894736586e-02,6.425438596491225840e-02,-2.850877192982454941e-02,6.622807017543859420e-02,-8.771929824561430777e-03,nan,-3.486842105263159020e-02,-1.359649122807018475e-02,nan,nan,-1.885964912280702066e-02,nan,nan,nan,nan,nan,0.000000000000000000e+00,nan,nan,nan,nan,nan,6.008771929824557878e-02,-3.311403508771930404e-02,0.000000000000000000e+00,nan,nan,6.491228070175437959e-02
0.000000000000000000e+00,nan,nan,nan,-2.322880371660840490e-04,0.000000000000000000e+00,-3.716608594657389020e-03,nan,nan,nan,3.019744483159114701e-03,1.191637630662020636e-01,1.163763066202090357e-01,nan,1.832752613240417883e-01,3.019744483159114701e-03,nan,nan,nan,7.200929152148663470e-02,3.368176538908244921e-02,nan,9.663182346109172594e-02,nan,nan,nan,nan,nan,nan,5.993031358885016896e-02,nan,nan,nan,nan,7.781649245063877729e-02,nan,nan,3.089430894308942133e-02,5.737514518002321401e-02,3.252032520325198912e-03,1.881533101045294171e-02,1.279907084785133486e-01,nan,5.389082462253191874e-02,1.087108013937282125e-01,nan,nan,4.088269454123107799e-02,nan,nan,nan,nan,nan,0.000000000000000000e+00,nan,nan,nan,nan,nan,6.945412311265966587e-02,5.574912891986062713e-02,0.000000000000000000e+00,nan,nan,4.088269454123109881e-02
-1.697459584295611945e-01,nan,nan,nan,-1.385681293302540307e-01,-2.096997690531177960e-01,-2.196304849884526400e-01,nan,nan,nan,-1.515011547344110865e-01,nan,-2.600461893764434151e-01,nan,-2.623556581986142833e-01,-2.330254041570438694e-01,nan,nan,nan,-3.420323325635103440e-01,-1.815242494226327608e-01,nan,nan,nan,nan,nan,nan,nan,nan,-3.478060046189376253e-01,nan,nan,nan,nan,-2.709006928406466619e-01,nan,nan,nan,-3.579676674364895006e-01,-2.214780600461893623e-01,-3.249422632794456978e-01,-2.526558891454965261e-01,nan,-3.288683602771362291e-01,-2.288683602771362513e-01,nan,-2.993071593533487285e-01,-1.383371824480369439e-01,nan,nan,nan,nan,nan,0.000000000000000000e+00,nan,nan,nan,nan,nan,-2.399538106235565849e-01,-2.639722863741339465e-01,0.000000000000000000e+00,nan,nan,-3.295612009237874895e-01
-4.977168949771688944e-02,nan,nan,nan,-2.716894977168948788e-02,0.000000000000000000e+00,-3.835616438356163893e-02,nan,nan,nan,-3.789954337899542613e-02,nan,-4.018264840182648318e-02,nan,-3.127853881278538223e-02,-2.009132420091324159e-02,nan,nan,nan,-9.566210045662100481e-02,-7.214611872146117766e-02,nan,-4.269406392694061886e-02,nan,nan,nan,nan,nan,nan,-7.237442922374430487e-02,nan,nan,nan,nan,-8.698630136986303107e-02,nan,nan,-4.018264840182648318e-02,-6.210045662100457248e-02,-4.429223744292237752e-02,-6.369863013698630338e-02,-3.219178082191780088e-02,nan,-5.570776255707762109e-02,-4.977168949771689638e-02,nan,-1.207762557077625420e-01,-5.593607305936072749e-02,nan,nan,-2.009132420091324159e-02,nan,nan,nan,nan,nan,nan,nan,nan,nan,-7.328767123287671659e-02,0.000000000000000000e+00,-4.315068493150683165e-02,nan,-3.493150684931506378e-02
-2.686567164179104461e-02,nan,nan,nan,-1.836969001148092183e-03,-1.194029850746268842e-02,-1.056257175660157976e-02,nan,nan,nan,1.722158438576348871e-02,nan,-9.942594718714120594e-02,nan,-6.360505166475315109e-02,0.000000000000000000e+00,nan,nan,nan,-8.702640642939149518e-02,-1.412169919632605963e-01,nan,-5.786452353616533539e-02,nan,nan,nan,nan,nan,nan,-4.270952927669345589e-02,nan,nan,nan,nan,-9.506314580941446768e-02,nan,nan,-1.200918484500574229e-01,-8.473019517795635225e-02,-7.967853042479905445e-02,-5.051664753157281314e-03,-6.934557979334098066e-02,nan,-5.602755453501721827e-02,-5.005740528128586192e-02,nan,nan,-3.673938002296195209e-03,nan,nan,nan,nan,nan,0.000000000000000000e+00,nan,nan,nan,nan,nan,-9.988518943742824563e-02,-9.506314580941442605e-02,0.000000000000000000e+00,nan,nan,-3.421354764638345758e-02
-2.234891676168755323e-02,nan,nan,nan,-6.841505131128844223e-03,1.140250855188142988e-02,-8.893956670467439984e-03,nan,nan,nan,1.140250855188162894e-03,9.030786773090085373e-02,1.436716077537060141e-02,nan,8.209806157354648457e-03,-2.964652223489161551e-03,nan,nan,nan,-3.033067274800451546e-02,9.669327251995442352e-02,nan,1.233751425313569100e-01,nan,nan,nan,nan,nan,nan,1.366020524515393908e-01,nan,nan,nan,nan,3.899657924743445830e-02,nan,nan,5.199543899657928236e-02,2.736602052451586782e-03,-3.648802736602019432e-03,1.413911060433297243e-02,5.131128848346640930e-02,nan,8.893956670467507986e-02,1.502850627137970740e-01,nan,-3.990877993158490483e-02,2.280501710376414747e-04,nan,nan,nan,nan,nan,-8.893956670467485087e-03,nan,nan,nan,nan,nan,7.753705815279363089e-02,1.824401368301042893e-03,0.000000000000000000e+00,nan,nan,-2.805017103762828118e-02
0.000000000000000000e+00,nan,nan,nan,-4.280782508630609495e-02,0.000000000000000000e+00,-3.682393555811269790e-03,nan,nan,nan,-2.071346375143843371e-02,3.705408515535100339e-02,-6.904487917146040054e-04,nan,nan,1.058688147295743301e-02,nan,nan,nan,4.372842347525884854e-03,1.014959723820483550e-01,nan,-2.945914844649022424e-02,nan,nan,nan,nan,nan,nan,7.456846950517836969e-02,nan,nan,nan,nan,-3.843498273878018928e-02,nan,nan,4.257767548906789268e-02,2.991944764096676843e-03,-5.707710011507476089e-02,5.086306098964325784e-02,3.452243958573087031e-03,nan,1.063291139240506167e-01,3.060989643268125990e-02,nan,6.651323360184119293e-02,6.904487917146484577e-04,nan,nan,nan,nan,nan,0.000000000000000000e+00,nan,nan,nan,nan,nan,5.316455696202530834e-02,-1.403912543153047407e-02,0.000000000000000000e+00,nan,nan,6.927502876869966186e-02
-9.677419354838711837e-03,nan,nan,nan,-1.580645161290322731e-01,-5.092165898617510844e-02,-5.138248847926266821e-02,nan,nan,nan,-5.668202764976959518e-02,nan,-1.896313364055299266e-01,nan,-1.942396313364055382e-01,-5.668202764976959518e-02,nan,nan,nan,-1.149769585253456183e-01,-2.479262672811059498e-01,nan,-1.271889400921659141e-01,nan,nan,nan,nan,nan,nan,-1.935483870967741882e-01,nan,nan,nan,nan,-1.652073732718893906e-01,nan,nan,nan,-1.700460829493087578e-01,-2.582949308755759787e-01,-1.004608294930875445e-01,-2.640552995391704516e-01,nan,-1.887096774193548210e-01,-1.638248847926267182e-01,nan,nan,-9.608294930875575790e-02,nan,nan,nan,nan,nan,-1.076036866359447036e-01,nan,nan,nan,nan,nan,-1.767281105990783363e-01,-1.778801843317972253e-01,0.000000000000000000e+00,nan,nan,-1.776497695852534142e-01
0.000000000000000000e+00,nan,nan,nan,2.525832376578640657e-03,0.000000000000000000e+00,-7.600459242250287573e-02,nan,nan,nan,0.000000000000000000e+00,nan,-5.901262916188289992e-02,nan,-4.546498277841563157e-02,-2.939150401836969698e-02,nan,nan,nan,-8.863375430539612021e-02,-1.269804822043628101e-01,nan,-9.024110218140071749e-02,nan,nan,nan,nan,nan,nan,-1.772675086107922127e-01,nan,nan,nan,nan,-6.819747416762343695e-02,nan,nan,-1.106773823191733869e-01,-1.051664753157290494e-01,-3.513203214695753696e-02,-4.913892078071184499e-02,-1.074626865671642062e-01,nan,-4.339839265212400848e-02,0.000000000000000000e+00,nan,nan,-3.008036739380023222e-02,nan,nan,nan,nan,nan,0.000000000000000000e+00,nan,nan,nan,nan,nan,-6.245694603903560044e-02,-6.544202066590128208e-02,0.000000000000000000e+00,nan,nan,-4.110218140068887249e-02
-1.228273464658169167e-01,nan,nan,nan,-1.622247972190060715e-03,0.000000000000000000e+00,-1.691772885283894176e-02,nan,nan,nan,-5.214368482039397762e-02,-1.279258400926999162e-01,-9.246813441483200946e-02,nan,nan,-5.654692931633835407e-02,nan,nan,nan,-4.194669756662805504e-02,9.269988412514473808e-03,nan,-8.991888760139050973e-02,nan,nan,nan,nan,nan,nan,-7.045191193511007866e-02,nan,nan,nan,nan,-3.476245654692944158e-03,nan,nan,nan,-1.844727694090382841e-01,-5.561993047508691224e-02,-1.606025492468134419e-01,-1.121668597914252941e-01,nan,-6.396292004634994421e-02,-6.488991888760143115e-03,nan,nan,2.085747392815739780e-03,nan,nan,nan,nan,nan,0.000000000000000000e+00,nan,nan,nan,nan,nan,-1.061413673232908528e-01,-4.797219003476246163e-02,0.000000000000000000e+00,nan,nan,2.618771726535341557e-02
-5.733944954128445022e-03,nan,nan,nan,-1.697247706422018096e-02,-9.174311926605449802e-04,-6.674311926605505652e-02,nan,nan,nan,-8.027522935779818694e-03,nan,-3.302752293577981835e-02,nan,-2.041284403669724190e-02,-9.977064220183484711e-02,nan,nan,nan,-6.926605504587154960e-02,-4.036697247706420161e-02,nan,-8.532110091743118352e-02,nan,nan,nan,nan,nan,nan,nan,nan,nan,nan,nan,-1.188073394495413326e-01,nan,nan,-4.908256880733942451e-02,-1.270642201834862595e-01,-5.091743119266054635e-02,1.100917431192659571e-02,-5.114678899082568397e-02,nan,-3.577981651376146294e-02,-4.587155963302836032e-04,nan,nan,-6.307339449541285448e-02,nan,nan,nan,nan,nan,-3.669724770642202039e-03,nan,nan,nan,-4.793577981651375719e-02,nan,-4.954128440366971364e-02,nan,0.000000000000000000e+00,nan,nan,-6.353211009174311585e-02
8.715596330275233311e-03,nan,nan,nan,0.000000000000000000e+00,-2.110091743119264437e-02,-5.963302752293541883e-03,nan,nan,nan,-3.853211009174310753e-02,nan,-1.766055045871556262e-02,nan,1.032110091743124701e-02,-7.706422018348621505e-02,nan,nan,nan,-4.334862385321099076e-02,-7.545871559633021697e-02,nan,-9.311926605504580734e-02,nan,nan,nan,nan,nan,nan,-6.009174311926603756e-02,nan,nan,nan,nan,1.009174311926607295e-02,nan,nan,4.128440366972507651e-03,-6.215596330275224846e-02,-8.899082568807335780e-02,-3.371559633027518960e-02,-2.064220183486237259e-02,nan,-3.394495412844032028e-02,5.551115123125782702e-17,nan,nan,5.275229357798172369e-03,nan,nan,nan,nan,nan,0.000000000000000000e+00,nan,nan,nan,nan,nan,-2.568807339449536917e-02,8.715596330275233311e-03,0.000000000000000000e+00,nan,nan,-7.683486238532107049e-02
-1.104545454545454441e-01,nan,nan,nan,4.545454545454630018e-04,6.818181818181845606e-03,nan,nan,nan,nan,-5.681818181818178853e-02,nan,2.045454545454594621e-03,nan,-1.613636363636358068e-02,0.000000000000000000e+00,nan,nan,nan,-1.590909090909076217e-03,-2.795454545454538822e-02,nan,1.840909090909095130e-02,nan,nan,nan,nan,nan,nan,-3.159090909090904453e-02,nan,nan,nan,nan,-2.727272727272722630e-02,nan,nan,-6.636363636363633300e-02,-8.636363636363586158e-03,-3.636363636363635493e-02,-4.818181818181813819e-02,-1.004545454545454353e-01,nan,9.545454545454612125e-03,2.727272727272778228e-03,nan,-1.340909090909086013e-02,2.272727272727537271e-04,nan,nan,1.136363636363640905e-02,nan,nan,nan,nan,nan,nan,nan,nan,-9.090909090908816598e-04,-3.818181818181813625e-02,0.000000000000000000e+00,nan,nan,1.136363636363640905e-02
-2.279909706546274714e-02,nan,nan,nan,-3.656884875846500016e-02,-2.866817155756207214e-02,-1.004514672686230153e-01,nan,nan,nan,0.000000000000000000e+00,nan,-9.006772009029342940e-02,nan,-9.345372460496612077e-02,-1.354401805869076634e-03,nan,nan,nan,-8.013544018058690876e-02,-6.320541760722345193e-02,nan,-1.275395033860045046e-01,nan,nan,nan,nan,nan,nan,-8.668171557562073803e-02,nan,nan,nan,nan,-2.866817155756207214e-02,nan,nan,nan,-1.259593679458239079e-01,-2.708803611738148584e-02,-9.345372460496612077e-02,-6.185101580135441562e-02,nan,-5.914221218961622506e-02,-1.117381489841986486e-01,nan,nan,-3.182844243792325167e-02,nan,nan,nan,nan,nan,0.000000000000000000e+00,nan,nan,nan,nan,nan,-1.586907449209931931e-01,-5.282167042889389375e-02,0.000000000000000000e+00,nan,nan,-1.476297968397290716e-01
3.644752018454437692e-02,nan,nan,nan,1.217993079584774874e-01,7.750865051903113589e-02,1.614763552479803188e-03,nan,nan,nan,2.168396770472895765e-02,nan,4.359861591695501915e-02,nan,1.476355247981545604e-01,-2.306805074971185390e-03,nan,nan,nan,9.181084198385237871e-02,1.130334486735868824e-02,nan,1.271049596309112018e-01,nan,nan,nan,nan,nan,nan,3.990772779700115652e-02,nan,nan,nan,nan,1.741637831603229380e-01,nan,nan,1.287197231833909772e-01,1.121107266435986266e-01,1.513264129181083884e-01,1.088811995386389925e-01,5.582468281430219559e-02,nan,8.811995386389850915e-02,4.613610149942326544e-03,nan,9.457900807381776354e-02,1.167243367935409254e-01,nan,nan,nan,nan,nan,0.000000000000000000e+00,nan,nan,nan,nan,nan,1.190311418685121164e-01,3.829296424452133252e-02,0.000000000000000000e+00,nan,nan,1.153402537485582469e-01
-1.331802525832376238e-02,nan,nan,nan,-3.880597014925372262e-02,-1.297359357060849094e-01,-1.141216991963260458e-01,nan,nan,nan,-1.136624569460389783e-01,-5.510907003444316665e-02,2.985074626865680345e-03,nan,-2.296211251434976451e-04,2.296211251435198442e-04,nan,nan,nan,-1.003444316877152576e-01,-5.235361653272100485e-02,nan,-3.995407577497128715e-02,nan,nan,nan,nan,nan,nan,nan,nan,nan,nan,nan,5.740528128587840846e-03,nan,nan,-4.592422502870263309e-03,-6.704936854190583773e-02,-4.431687715269806704e-02,-2.916188289322616672e-02,-5.235361653272100485e-02,nan,-1.258323765786452386e-01,-3.536165327210101517e-02,nan,-1.067738231917336328e-01,-3.582089552238805485e-02,nan,nan,nan,nan,nan,0.000000000000000000e+00,nan,nan,nan,-2.870264064293913744e-02,nan,-7.669345579793340750e-02,nan,0.000000000000000000e+00,nan,nan,-1.492537313432834578e-02
3.048065650644782385e-03,nan,nan,nan,-4.689331770222737727e-03,5.627198124267296028e-03,3.985932004689341120e-03,nan,nan,nan,-4.220398593200447301e-03,nan,-2.719812426729189062e-02,nan,-1.477139507620162107e-02,-2.672919109026964529e-02,nan,nan,nan,5.158264947245028154e-03,1.031652989449004590e-02,nan,-1.406799531066815767e-03,nan,nan,nan,nan,nan,nan,-2.696365767878077316e-02,nan,nan,nan,nan,7.033997655334189424e-04,nan,nan,-7.362250879249702951e-02,-3.305978898007032318e-02,-2.508792497069166696e-02,-2.696365767878077316e-02,1.664712778429073767e-02,nan,-3.985932004689318568e-03,3.048065650644793227e-03,nan,nan,9.144196951934347589e-03,nan,nan,3.048065650644782385e-03,nan,nan,nan,nan,nan,nan,nan,6.096131301289564770e-03,-5.720984759671746828e-02,nan,0.000000000000000000e+00,nan,nan,4.923798358733877736e-03
1.924398625429555448e-02,nan,nan,nan,1.134020618556701443e-01,1.924398625429555448e-02,4.879725085910653626e-02,nan,nan,nan,2.428407789232531894e-02,nan,7.560137457044673048e-02,nan,1.621993127147766112e-01,5.910652920962198437e-02,nan,nan,nan,2.139747995418098403e-01,2.451317296678121593e-01,nan,1.599083619702175996e-01,nan,nan,nan,nan,nan,nan,2.128293241695303206e-01,nan,nan,nan,nan,5.223367697594503284e-02,nan,nan,1.672394043528064311e-01,1.951890034364261173e-01,8.430698739977091072e-02,1.800687285223367684e-01,1.003436426116838254e-01,nan,1.035509736540664444e-01,6.254295532646048095e-02,nan,1.759450171821305975e-01,2.151202749140893322e-01,nan,nan,nan,nan,nan,3.505154639175258463e-02,nan,nan,nan,nan,nan,nan,5.475372279495989425e-02,0.000000000000000000e+00,9.667812142038946510e-02,nan,1.670103092783505050e-01
-1.396355353075170724e-01,nan,nan,nan,-1.255125284738041191e-01,-1.389521640091115895e-01,-1.387243735763097896e-01,nan,nan,nan,-1.000000000000000472e-01,nan,-2.756264236902050691e-02,nan,-9.977220956719819178e-02,-1.243735763097949809e-01,nan,nan,nan,-2.505694760820048606e-02,-1.145785876993166558e-01,nan,-1.113895216400911242e-01,nan,nan,nan,nan,nan,nan,-1.015945330296127713e-01,nan,nan,nan,nan,-9.635535307517084647e-02,nan,nan,-1.407744874715262384e-01,-9.840546697038726753e-02,-2.801822323462415179e-02,-1.148063781321184973e-01,-1.348519362186788306e-01,nan,-8.177676537585423788e-02,-1.027334851936219096e-01,nan,-7.152619589977224357e-02,-1.173120728929385459e-01,nan,nan,nan,nan,nan,-1.252847380410022637e-01,nan,nan,nan,-1.530751708428245705e-01,nan,-1.202733485193622220e-01,nan,0.000000000000000000e+00,nan,nan,-9.772209567198178459e-02
-5.569620253164554724e-02,nan,nan,nan,-5.937859608745680445e-02,-7.594936708860755732e-03,-6.950517836593785026e-02,nan,nan,nan,-7.364787111622550855e-03,-1.100115074798618808e-01,-3.659378596087455027e-02,nan,-4.234752589182967653e-02,-3.659378596087455721e-02,nan,nan,nan,-7.571921749136938107e-02,-1.334867663981587071e-02,nan,-4.994246260069042098e-02,nan,nan,nan,nan,nan,nan,-7.203682393555808916e-02,nan,nan,nan,nan,-3.176064441887224005e-02,nan,nan,-7.042577675489064548e-02,-9.919447640966627677e-02,-8.998849252013806088e-02,-1.203682393555811220e-01,-9.228998849252013914e-02,nan,-6.260069044879168487e-02,-2.278481012658225419e-02,nan,-6.812428078250859498e-02,-5.339470655926348286e-02,nan,nan,nan,nan,nan,0.000000000000000000e+00,nan,nan,nan,nan,nan,-4.810126582278478891e-02,-2.094361334867663599e-02,0.000000000000000000e+00,nan,nan,-8.906789413118523790e-02
0.000000000000000000e+00,nan,nan,nan,4.483985765124556128e-02,0.000000000000000000e+00,1.924080664294187670e-01,nan,nan,nan,4.483985765124556128e-02,1.058125741399763287e-01,1.807829181494662318e-01,nan,nan,4.626334519572954107e-02,nan,nan,nan,2.230130486358245234e-01,1.722419928825623114e-01,nan,1.437722419928826045e-01,nan,nan,nan,nan,nan,nan,nan,nan,nan,nan,nan,5.480427046263347535e-02,nan,nan,5.077105575326220505e-02,1.276393831553974401e-01,9.181494661921711653e-02,1.857651245551601993e-01,9.110320284697510929e-02,nan,1.276393831553974401e-01,4.911032028469752841e-02,nan,nan,1.435349940688019355e-01,nan,nan,nan,nan,nan,0.000000000000000000e+00,nan,nan,nan,nan,nan,2.303677342823250707e-01,0.000000000000000000e+00,0.000000000000000000e+00,nan,nan,9.300118623962044806e-02
-4.588235294117645052e-02,nan,nan,nan,-6.400000000000000133e-02,-8.588235294117646523e-02,-1.750588235294117667e-01,nan,nan,nan,-2.176470588235294434e-01,nan,-1.623529411764704916e-02,nan,-1.242352941176470410e-01,0.000000000000000000e+00,nan,nan,nan,-9.670588235294116930e-02,-1.694117647058822895e-01,nan,-1.272941176470588354e-01,nan,nan,nan,nan,nan,nan,-4.752941176470587559e-02,nan,nan,nan,nan,-1.559999999999999720e-01,nan,nan,-7.011764705882350679e-02,-1.145882352941176158e-01,-8.564705882352938171e-02,-1.319999999999999507e-01,-1.207058823529411767e-01,nan,-1.484705882352940765e-01,-7.082352941176470185e-02,nan,-1.374117647058823444e-01,-9.294117647058820764e-02,nan,nan,nan,nan,nan,-3.317647058823529338e-02,nan,nan,nan,-7.294117647058828528e-03,nan,-1.247058823529408923e-02,nan,0.000000000000000000e+00,nan,nan,-4.494117647058822745e-02
