nan,nan,nan,nan,nan,nan,nan,nan,nan,nan,4.032258064516102899e-03,nan,nan,nan,nan,nan,nan,nan,nan,4.435483870967704689e-03,nan,nan,nan,nan,nan,nan,nan,nan,nan,-2.016129032258096119e-03,nan,nan,nan,nan,nan,nan,nan,2.419354838709653240e-03,nan,-4.435483870967771476e-03,nan,1.209677419354804285e-03,nan,4.032258064516125451e-03,nan,nan,nan,nan,nan,nan,nan,nan,nan,nan,nan,nan,nan,nan,nan,-8.064516129032472730e-04,-4.032258064516458626e-04,nan,-1.612903225806454691e-02,nan,nan
nan,nan,nan,nan,nan,-2.028397565922923466e-03,nan,nan,nan,nan,1.257606490872209548e-02,nan,nan,nan,nan,nan,nan,nan,nan,nan,nan,nan,nan,nan,nan,nan,nan,nan,nan,-2.393509127789046273e-02,nan,nan,nan,nan,nan,nan,nan,nan,nan,-1.622718052738370085e-03,nan,3.651115618661227198e-03,nan,nan,-2.109533468559838740e-02,nan,nan,nan,nan,nan,nan,nan,nan,-6.490872210953369317e-03,nan,nan,nan,nan,nan,-4.868154158215021350e-03,-3.651115618661271434e-03,nan,2.393509127789046273e-02,nan,nan
nan,nan,nan,nan,nan,nan,1.730382293762577905e-02,nan,nan,nan,2.857142857142858094e-02,nan,nan,nan,nan,nan,nan,nan,nan,1.247484909456741953e-02,nan,nan,nan,nan,nan,nan,nan,nan,nan,9.255533199195187938e-03,nan,nan,nan,nan,nan,nan,nan,nan,-2.012072434607659055e-03,nan,nan,1.649899396378269253e-02,nan,nan,4.024144869215295559e-03,nan,nan,nan,nan,nan,nan,nan,nan,nan,nan,nan,nan,nan,nan,-3.501006036217304412e-02,-7.645875251509037449e-03,nan,2.454728370221328365e-02,nan,nan
nan,nan,nan,nan,-2.544731610337969130e-02,nan,nan,nan,nan,nan,nan,nan,nan,nan,nan,nan,nan,nan,nan,nan,nan,nan,nan,nan,nan,nan,nan,nan,nan,-5.725646123260434706e-02,nan,nan,nan,nan,nan,nan,nan,nan,3.220675944333997037e-02,-2.783300198807148098e-03,nan,-2.862823061630217353e-02,nan,nan,-1.431411530815107636e-02,nan,nan,nan,nan,nan,nan,nan,nan,nan,nan,nan,nan,nan,nan,-4.254473161033793527e-02,-4.373757455268389993e-02,nan,-1.709741550695822315e-02,nan,1.113320079522866005e-02
nan,nan,nan,nan,-4.149377593361003660e-03,nan,nan,nan,nan,nan,nan,nan,nan,nan,nan,nan,nan,nan,nan,nan,nan,nan,nan,nan,nan,nan,nan,nan,nan,-2.655601659751039012e-02,nan,nan,nan,nan,nan,nan,nan,nan,3.112033195020744852e-02,-6.224066390041515899e-03,nan,2.489626556016593176e-02,nan,nan,-2.074688796680534790e-03,nan,nan,nan,nan,nan,nan,nan,nan,3.734439834024882998e-03,nan,nan,nan,nan,nan,-8.298755186721962218e-04,6.224066390041449112e-03,nan,1.618257261410787143e-02,nan,nan
nan,nan,nan,nan,7.797270955165714126e-03,nan,nan,nan,nan,nan,nan,nan,nan,nan,nan,nan,nan,nan,nan,1.949317738791427404e-02,nan,nan,nan,nan,nan,nan,nan,nan,nan,-1.247563352826508432e-02,nan,nan,nan,nan,nan,nan,nan,nan,3.547758284600390638e-02,9.356725146198851401e-03,nan,7.797270955165914053e-04,nan,nan,nan,nan,nan,nan,nan,nan,1.169590643274887000e-03,nan,nan,nan,nan,nan,nan,nan,nan,-3.118908382066274548e-02,-1.871345029239761606e-02,nan,1.013645224171542090e-02,nan,nan
nan,nan,nan,nan,nan,nan,nan,nan,nan,nan,1.422764227642272540e-02,nan,nan,nan,nan,nan,nan,nan,nan,6.504065040650375273e-03,nan,nan,nan,nan,nan,nan,nan,nan,nan,-3.536585365853663759e-02,nan,nan,nan,nan,nan,nan,nan,nan,1.382113821138206654e-02,-5.691056910569147753e-03,nan,1.666666666666662827e-02,nan,nan,nan,nan,nan,nan,nan,nan,8.536585365853600199e-03,nan,nan,nan,nan,nan,nan,nan,nan,-1.869918699186996422e-02,1.219512195121907850e-03,nan,1.219512195121907850e-03,nan,nan
nan,nan,nan,nan,-4.761904761904722436e-03,nan,nan,nan,nan,nan,nan,nan,nan,nan,nan,nan,nan,nan,nan,nan,nan,nan,nan,nan,nan,nan,nan,nan,nan,-4.365079365079358592e-02,nan,nan,nan,nan,nan,nan,nan,nan,1.865079365079371637e-02,-4.365079365079327020e-03,nan,-1.706349206349202369e-02,nan,nan,-2.460317460317456087e-02,nan,nan,nan,nan,nan,-7.936507936507908312e-03,nan,nan,nan,nan,nan,nan,nan,nan,-5.555555555555535818e-03,-9.920634920634885390e-03,nan,-7.539682539682468661e-03,nan,nan
nan,nan,nan,nan,-3.629032258064568330e-03,nan,1.532258064516125486e-02,nan,nan,nan,nan,nan,nan,nan,nan,nan,nan,nan,nan,nan,nan,nan,nan,nan,nan,nan,nan,nan,nan,-1.612903225806454691e-02,nan,nan,nan,nan,nan,nan,nan,nan,nan,nan,nan,8.064516129032228350e-03,nan,nan,-5.645161290322597662e-03,nan,nan,nan,nan,nan,-1.330645161290324764e-02,nan,nan,-1.290322580645164585e-02,nan,nan,nan,nan,nan,3.225806451612878070e-03,6.451612903225800374e-03,nan,1.411290322580640612e-02,nan,nan
nan,nan,nan,nan,nan,nan,nan,nan,nan,nan,7.072691552062915221e-03,nan,nan,nan,nan,nan,nan,nan,nan,3.929273084479767419e-04,nan,nan,nan,nan,nan,nan,nan,nan,nan,1.021611001964641864e-02,nan,nan,nan,nan,nan,nan,nan,1.571709233791751537e-02,nan,1.689587426326131375e-02,nan,3.536345776031501846e-03,nan,nan,nan,nan,nan,nan,nan,nan,nan,nan,nan,nan,nan,nan,nan,6.679764243614961031e-03,nan,3.536345776031457611e-03,-1.139489194499014937e-02,nan,1.139489194499021529e-02,nan,nan
nan,nan,nan,nan,-4.000000000000003444e-04,nan,-1.360000000000001139e-02,nan,nan,nan,nan,nan,nan,nan,nan,nan,nan,nan,nan,nan,nan,nan,nan,nan,nan,nan,nan,nan,nan,-6.360000000000005926e-02,nan,nan,nan,nan,nan,nan,nan,nan,-1.680000000000005794e-02,nan,nan,-2.360000000000002027e-02,nan,nan,-3.280000000000003052e-02,nan,nan,nan,nan,nan,nan,nan,nan,nan,nan,nan,nan,nan,nan,-6.120000000000005297e-02,-2.440000000000004318e-02,nan,1.999999999999995184e-02,nan,1.519999999999996874e-02
nan,nan,nan,nan,nan,nan,4.578313253012049333e-02,nan,nan,nan,nan,nan,nan,nan,nan,nan,nan,nan,nan,nan,nan,nan,nan,nan,nan,nan,nan,nan,nan,1.927710843373497962e-02,nan,nan,nan,nan,nan,nan,nan,nan,6.024096385542199346e-03,2.851405622489959837e-02,nan,-1.204819277108404351e-03,nan,nan,1.967871485943777435e-02,nan,nan,nan,nan,nan,4.016064257028115897e-02,nan,nan,3.775100401606425876e-02,nan,nan,nan,nan,nan,1.767068273092369315e-02,5.020080321285143310e-02,nan,nan,nan,nan
nan,nan,nan,nan,nan,nan,nan,nan,nan,nan,1.067761806981517604e-02,nan,nan,nan,nan,nan,nan,nan,nan,-2.464065708418905661e-03,nan,nan,nan,nan,nan,nan,nan,nan,nan,9.856262833675554988e-03,nan,nan,nan,nan,nan,nan,nan,nan,nan,nan,2.587268993839832859e-02,8.624229979466102591e-03,nan,3.696098562628313822e-03,nan,nan,nan,nan,nan,nan,nan,nan,nan,nan,nan,nan,nan,nan,nan,1.232032854209443896e-02,8.624229979466080040e-03,nan,2.012320328542094305e-02,nan,2.381930184804925688e-02
nan,nan,nan,nan,5.508474576271260928e-03,nan,-4.237288135592543132e-04,nan,nan,nan,nan,nan,nan,nan,nan,nan,nan,nan,nan,nan,nan,nan,nan,nan,nan,nan,nan,nan,nan,-5.847457627118639312e-02,nan,nan,nan,nan,nan,nan,nan,nan,-3.644067796610164084e-02,nan,nan,-4.237288135593213212e-02,nan,nan,nan,nan,nan,-2.584745762711861822e-02,nan,nan,nan,nan,nan,nan,nan,nan,nan,nan,nan,-5.593220338983047324e-02,-6.059322033898297682e-02,nan,-3.771186440677962853e-02,nan,-1.906779661016941990e-02
nan,nan,nan,nan,nan,nan,4.800000000000003916e-03,nan,nan,nan,5.599999999999982596e-03,nan,nan,nan,nan,nan,nan,nan,nan,nan,nan,nan,nan,nan,nan,nan,nan,nan,nan,-2.360000000000002027e-02,nan,nan,nan,nan,nan,nan,nan,nan,3.639999999999996710e-02,8.000000000000006889e-04,nan,-7.600000000000006924e-03,nan,nan,-2.400000000000001958e-03,nan,nan,nan,nan,nan,nan,nan,nan,nan,nan,nan,nan,nan,nan,8.000000000000006889e-04,-4.920000000000004231e-02,nan,1.280000000000001102e-02,nan,nan
nan,nan,nan,nan,nan,nan,nan,nan,nan,nan,nan,nan,nan,nan,nan,nan,nan,nan,nan,8.097165991902821949e-03,nan,nan,nan,nan,nan,nan,nan,nan,nan,-2.510121457489882316e-02,nan,nan,nan,nan,nan,nan,nan,nan,-2.429149797570853003e-02,1.538461538461535251e-02,nan,3.967611336032388081e-02,nan,nan,nan,nan,nan,nan,nan,nan,-2.186234817813768189e-02,nan,nan,nan,nan,nan,nan,nan,nan,-1.174089068825916529e-02,-2.429149797570855432e-02,nan,3.765182186234816708e-02,nan,2.914979757085016734e-02
nan,nan,nan,nan,nan,nan,4.008016032064132044e-04,nan,nan,nan,nan,nan,nan,nan,nan,nan,nan,nan,nan,3.567134268537075492e-02,nan,nan,nan,nan,nan,nan,nan,nan,nan,4.408817635270545141e-03,nan,nan,nan,nan,nan,nan,nan,nan,nan,nan,nan,1.803607214428859518e-02,nan,1.202404809619239678e-02,nan,nan,nan,nan,nan,nan,nan,nan,nan,nan,nan,nan,nan,1.603206412825652818e-03,nan,-7.214428857715437897e-03,1.803607214428857436e-02,nan,4.729458917835673709e-02,nan,2.525050100200403394e-02
nan,nan,nan,nan,nan,nan,nan,nan,nan,nan,nan,nan,nan,nan,nan,1.777777777777773613e-02,nan,nan,nan,1.212121212121211079e-02,nan,nan,nan,nan,nan,nan,nan,nan,nan,1.090909090909089087e-02,nan,nan,nan,nan,nan,nan,nan,nan,nan,nan,nan,1.979797979797981444e-02,nan,nan,2.020202020201988975e-03,nan,nan,nan,nan,nan,-6.868686868686912916e-03,nan,nan,-4.444444444444473064e-03,nan,nan,nan,nan,nan,1.212121212121213334e-02,9.292929292929264298e-03,nan,8.484848484848451014e-03,nan,nan
nan,nan,nan,nan,nan,nan,8.085937499999999722e-02,nan,nan,nan,2.773437499999999861e-02,nan,nan,nan,nan,nan,nan,nan,nan,3.085937500000000139e-02,nan,nan,nan,nan,nan,nan,nan,nan,nan,3.359374999999999861e-02,nan,nan,nan,nan,nan,nan,nan,nan,nan,nan,nan,1.914062500000000139e-02,nan,nan,-3.515625000000000087e-03,nan,nan,nan,nan,nan,nan,nan,nan,nan,nan,nan,nan,1.171875000000000000e-02,nan,-1.054687500000000069e-02,-7.421874999999999653e-03,nan,nan,nan,2.343750000000000000e-02
nan,nan,nan,nan,1.619433198380582127e-03,nan,nan,nan,nan,nan,nan,nan,nan,nan,nan,nan,nan,nan,nan,-6.882591093117396142e-03,nan,nan,nan,nan,nan,nan,nan,nan,nan,-5.951417004048586978e-02,nan,nan,nan,nan,nan,nan,nan,nan,2.834008097166007718e-03,-1.497975708502024064e-02,nan,-5.263157894736858466e-03,nan,nan,nan,nan,nan,nan,nan,nan,nan,nan,nan,nan,nan,nan,nan,nan,nan,-4.008097165991904298e-02,-4.210526315789475671e-02,nan,-3.967611336032388081e-02,nan,8.502024291497978919e-03
nan,nan,nan,nan,3.891050583657573725e-03,nan,nan,nan,nan,nan,9.727626459143934312e-03,nan,nan,nan,nan,nan,nan,nan,nan,nan,nan,nan,nan,nan,nan,nan,nan,nan,nan,-3.112840466926103215e-03,nan,nan,nan,nan,nan,nan,nan,nan,1.050583657587544906e-02,nan,nan,5.447470817120580663e-03,nan,nan,nan,nan,nan,nan,nan,nan,-2.334630350194555337e-02,nan,nan,-2.334630350194555337e-02,nan,nan,nan,nan,nan,8.949416342412419567e-03,-1.789883268482490505e-02,nan,1.167315175097272117e-02,nan,nan
nan,nan,nan,nan,nan,nan,-2.534653465346541415e-02,nan,nan,nan,-1.425742574257431519e-02,nan,nan,nan,nan,nan,nan,nan,nan,-5.148514851485153088e-02,nan,nan,nan,nan,nan,nan,nan,nan,nan,-7.287128712871293601e-02,nan,nan,nan,nan,nan,nan,nan,nan,-3.683168316831688521e-02,-5.544554455445549479e-03,nan,-3.603960396039607161e-02,nan,nan,nan,nan,nan,nan,nan,nan,nan,nan,nan,nan,nan,nan,nan,nan,nan,-4.277227722772281027e-02,-2.019801980198021596e-02,nan,-6.732673267326738653e-02,nan,nan
nan,nan,nan,nan,nan,nan,nan,nan,nan,nan,nan,nan,nan,nan,nan,nan,nan,nan,nan,nan,nan,nan,nan,nan,nan,nan,nan,nan,nan,3.960396039603963914e-04,nan,nan,nan,nan,nan,nan,nan,5.584158415841582179e-02,4.910891089108913171e-02,5.148514851485153088e-03,nan,1.623762376237625205e-02,nan,nan,-7.920792079207927827e-03,nan,nan,nan,nan,nan,nan,nan,nan,-3.960396039603963914e-04,nan,nan,nan,nan,nan,4.752475247524756696e-03,1.425742574257427009e-02,nan,3.009900990099012574e-02,nan,nan
nan,nan,nan,nan,nan,nan,1.588594704684320735e-02,nan,nan,nan,3.258655804480654894e-02,nan,nan,nan,nan,nan,nan,nan,nan,nan,nan,nan,nan,nan,nan,nan,nan,nan,nan,-3.136456211812625738e-02,nan,nan,nan,nan,nan,nan,nan,nan,nan,nan,nan,-2.932790224032584200e-02,nan,nan,1.018329938900206476e-02,nan,nan,nan,nan,nan,nan,nan,nan,-4.073319755600790862e-03,nan,nan,nan,nan,nan,-2.769857433808551456e-02,-1.344195519348267975e-02,nan,3.258655804480681348e-03,nan,1.792260692464360192e-02
nan,nan,nan,nan,nan,nan,-7.936507936507930863e-03,nan,nan,nan,2.460317460317458169e-02,nan,nan,nan,nan,nan,nan,nan,nan,nan,nan,nan,nan,nan,nan,nan,nan,nan,nan,-9.920634920634907941e-03,nan,nan,nan,nan,nan,nan,nan,nan,nan,nan,nan,3.253968253968255592e-02,3.809523809523807092e-02,nan,-1.111111111111109419e-02,nan,nan,nan,nan,nan,nan,nan,nan,nan,nan,nan,nan,6.388888888888885620e-02,nan,-8.333333333333326279e-03,-3.571428571428558740e-03,nan,1.468253968253971885e-02,nan,nan
nan,nan,nan,nan,nan,nan,nan,nan,nan,nan,3.131115459882560705e-03,nan,nan,nan,nan,nan,nan,nan,nan,1.174168297455966369e-02,nan,nan,nan,nan,nan,nan,nan,nan,nan,-1.761252446183956405e-02,nan,nan,nan,nan,nan,nan,nan,nan,nan,-7.827788649706480043e-03,nan,6.262230919765143962e-03,nan,nan,-5.127201565557733265e-02,nan,nan,nan,nan,nan,-8.219178082191812978e-03,nan,nan,nan,nan,nan,nan,nan,nan,-4.618395303326812418e-02,-3.170254403131118892e-02,nan,nan,nan,1.252446183953031048e-02
nan,nan,nan,nan,nan,nan,4.462151394422311096e-02,nan,nan,nan,nan,nan,nan,nan,nan,nan,nan,nan,nan,nan,nan,nan,nan,nan,nan,nan,nan,nan,nan,-1.195219123505975034e-02,nan,nan,nan,nan,nan,nan,nan,1.314741035856572572e-02,nan,8.366533864541825932e-03,nan,5.179282868525892161e-03,nan,nan,2.788844621513941833e-03,nan,nan,1.195219123505975034e-02,nan,nan,nan,nan,nan,nan,nan,nan,nan,-1.235059760956174271e-02,nan,-1.792828685258962551e-02,-2.231075697211153466e-02,nan,nan,nan,nan
nan,nan,nan,nan,nan,nan,nan,nan,nan,nan,-6.813627254509069253e-03,nan,nan,nan,nan,nan,nan,nan,nan,nan,nan,nan,nan,nan,nan,nan,nan,nan,nan,-5.450901803607220014e-02,nan,nan,nan,nan,nan,nan,nan,nan,2.084168336673340033e-02,2.404809619238472765e-02,nan,6.813627254508958231e-03,3.847695390781558089e-02,nan,nan,nan,nan,nan,nan,nan,nan,nan,nan,-1.482965931863728867e-02,nan,nan,nan,nan,nan,-4.368737474949904026e-02,-6.012024048096198392e-03,nan,nan,nan,-4.088176352705415184e-02
nan,nan,nan,nan,6.692913385826759418e-03,nan,2.480314960629921225e-02,nan,nan,nan,nan,nan,nan,nan,nan,nan,nan,nan,nan,nan,nan,nan,nan,nan,nan,nan,nan,nan,nan,-6.692913385826759418e-03,nan,nan,nan,nan,nan,nan,nan,2.677165354330708277e-02,nan,nan,nan,1.574803149606300925e-02,nan,nan,nan,nan,nan,nan,nan,nan,nan,nan,nan,-2.362204724409444449e-03,nan,nan,nan,-1.181102362204722311e-02,nan,-1.456692913385824149e-02,3.228346456692914035e-02,nan,8.267716535433056874e-03,nan,nan
nan,nan,nan,nan,nan,nan,nan,nan,nan,nan,nan,nan,nan,nan,nan,nan,nan,nan,nan,3.952569169960451489e-03,nan,nan,nan,nan,nan,nan,nan,nan,nan,-1.185770750988142039e-02,nan,nan,nan,nan,-1.343873517786562354e-02,nan,nan,nan,-1.976284584980247862e-03,nan,nan,9.486166007905128678e-03,nan,nan,-1.067193675889326412e-02,nan,nan,nan,nan,nan,nan,nan,nan,nan,nan,nan,nan,nan,nan,-3.557312252964450576e-03,-2.055335968379450387e-02,nan,3.162055335968383309e-03,nan,-3.952569169960451489e-03
nan,nan,nan,nan,2.954091816367261300e-02,nan,nan,nan,nan,nan,3.952095808383229020e-02,nan,nan,nan,nan,nan,nan,nan,nan,nan,nan,nan,nan,nan,nan,nan,nan,nan,nan,7.984031936127688328e-03,nan,nan,nan,nan,nan,nan,nan,nan,1.756487025948101285e-02,nan,nan,3.313373253493012704e-02,nan,nan,4.151696606786421662e-02,nan,nan,4.590818363273450192e-02,nan,nan,nan,nan,nan,nan,nan,nan,nan,nan,nan,-3.193612774451115403e-03,1.996007984031931276e-02,nan,7.984031936127710880e-03,nan,nan
nan,nan,nan,nan,nan,nan,-7.017543859649167173e-03,nan,nan,nan,-7.797270955165714126e-03,nan,nan,nan,nan,nan,nan,nan,nan,nan,nan,nan,nan,nan,nan,nan,nan,nan,nan,-1.169590643274909334e-03,nan,nan,nan,nan,nan,nan,nan,-4.288499025341163499e-03,6.627680311890804359e-03,nan,nan,-9.746588693957147428e-03,nan,nan,nan,nan,nan,nan,nan,nan,nan,nan,nan,nan,nan,nan,nan,-8.187134502923987603e-03,nan,-9.356725146198851401e-03,-1.637426900584799602e-02,nan,1.403508771929822332e-02,nan,nan
nan,nan,nan,nan,nan,nan,nan,nan,nan,nan,8.219178082191812978e-03,nan,nan,nan,nan,nan,nan,nan,nan,2.426614481409006263e-02,nan,nan,nan,nan,nan,nan,nan,nan,nan,-5.205479452054791178e-02,nan,nan,nan,nan,nan,nan,nan,nan,nan,4.696673189823896352e-03,nan,6.262230919765210749e-03,nan,nan,-4.657534246575338599e-02,nan,nan,nan,nan,nan,nan,nan,nan,nan,nan,nan,nan,nan,nan,-5.166340508806259446e-02,-3.170254403131111953e-02,nan,-2.035225048923676797e-02,nan,-7.045009784735767333e-03
nan,nan,nan,nan,nan,nan,nan,nan,nan,nan,nan,nan,nan,nan,nan,nan,nan,nan,nan,-7.999999999999962003e-03,nan,nan,nan,nan,nan,nan,nan,nan,nan,-1.799999999999995007e-02,nan,nan,nan,nan,nan,nan,nan,nan,-5.359999999999996018e-02,-7.599999999999962688e-03,nan,-5.119999999999998164e-02,nan,nan,nan,nan,nan,nan,nan,nan,nan,nan,nan,-1.879999999999999380e-02,nan,nan,nan,-1.679999999999992610e-02,nan,-6.879999999999994453e-02,-6.319999999999995066e-02,nan,-4.919999999999997986e-02,nan,nan
nan,nan,nan,nan,nan,nan,7.153846153846152300e-02,nan,nan,nan,2.692307692307693845e-02,nan,nan,nan,nan,nan,nan,nan,nan,5.076923076923076789e-02,nan,nan,nan,nan,nan,nan,nan,nan,nan,3.076923076923066078e-03,nan,nan,nan,nan,nan,nan,nan,nan,nan,3.000000000000002665e-02,nan,5.230769230769231892e-02,nan,nan,nan,nan,nan,nan,nan,nan,nan,nan,nan,nan,nan,nan,nan,4.807692307692308653e-02,nan,8.461538461538454375e-03,7.692307692307887457e-04,nan,2.538461538461540476e-02,nan,nan
nan,nan,nan,nan,nan,nan,nan,nan,nan,nan,1.630218687872766331e-02,nan,nan,nan,nan,nan,nan,nan,nan,1.113320079522863749e-02,nan,nan,nan,nan,nan,nan,nan,nan,nan,-3.658051689860832706e-02,nan,nan,nan,nan,nan,nan,nan,nan,-1.868787276341945386e-02,6.759443339960235705e-03,nan,-6.361829025844922825e-03,nan,nan,nan,nan,nan,nan,nan,nan,-5.168986083498983315e-03,nan,nan,nan,nan,nan,nan,nan,nan,-4.373757455268387911e-02,-2.584493041749502673e-02,nan,7.157057654075571138e-03,nan,nan
nan,nan,nan,nan,7.615230460921829092e-03,nan,nan,nan,nan,nan,4.408817635270523456e-03,nan,nan,nan,nan,nan,nan,nan,nan,nan,nan,nan,nan,nan,nan,nan,nan,nan,nan,-3.366733466933870961e-02,nan,nan,nan,nan,nan,nan,nan,nan,nan,-4.809619238476958887e-03,nan,-5.170340681362732560e-02,1.723446893787567921e-02,nan,nan,nan,nan,nan,nan,nan,4.008016032064132044e-04,nan,nan,nan,nan,nan,nan,nan,nan,-5.811623246492991779e-02,-5.450901803607220014e-02,nan,-1.643286573146298529e-02,nan,nan
nan,nan,nan,nan,nan,nan,1.563126252505011443e-02,nan,nan,nan,nan,nan,nan,nan,nan,nan,nan,nan,nan,1.202404809619239678e-02,nan,nan,nan,nan,nan,nan,nan,nan,nan,-5.651302605210415525e-02,nan,nan,nan,nan,nan,nan,nan,nan,-2.925851703406810028e-02,nan,nan,-2.364729458917833732e-02,nan,nan,nan,nan,nan,nan,nan,nan,-2.324649298597192271e-02,nan,nan,nan,nan,nan,nan,-8.016032064128042912e-04,nan,-5.531062124248491141e-02,-3.727454909819636480e-02,nan,-2.925851703406810028e-02,nan,nan
nan,nan,nan,nan,3.245436105476629148e-03,nan,nan,nan,nan,nan,nan,nan,nan,nan,nan,nan,nan,nan,nan,1.298174442190664843e-02,nan,nan,nan,nan,nan,nan,nan,nan,nan,-8.924949290060857354e-02,nan,nan,nan,nan,nan,nan,nan,-1.217038539553760845e-02,nan,-1.217038539553758590e-02,nan,-2.434077079107510588e-02,nan,nan,-5.111561866125764741e-02,nan,nan,nan,nan,nan,nan,nan,nan,nan,nan,nan,nan,nan,nan,-7.342799188640980468e-02,-1.703853955375256302e-02,nan,-4.827586206896557208e-02,nan,nan
nan,nan,nan,nan,nan,nan,-1.229508196721296187e-03,nan,nan,nan,nan,nan,nan,nan,nan,nan,nan,nan,nan,1.270491803278692676e-02,nan,nan,nan,nan,nan,nan,nan,nan,nan,-4.426229508196717621e-02,nan,nan,nan,nan,nan,nan,nan,nan,-6.147540983606551712e-02,nan,nan,1.147540983606560802e-02,nan,nan,5.327868852459061166e-03,nan,nan,nan,nan,nan,nan,nan,nan,nan,nan,nan,nan,nan,nan,2.868852459016446674e-03,-1.024590163934420081e-02,nan,-3.278688524590123166e-03,nan,2.540983606557380842e-02
nan,nan,nan,nan,nan,nan,-4.588910133843215888e-03,nan,nan,nan,1.147227533460799462e-02,nan,nan,nan,nan,nan,nan,nan,nan,-7.648183556405285365e-04,nan,nan,nan,nan,nan,nan,nan,nan,nan,-6.883365200764823832e-03,nan,nan,nan,nan,nan,nan,nan,3.824091778202420963e-04,nan,nan,nan,3.824091778202420963e-04,nan,nan,nan,nan,nan,nan,nan,nan,nan,nan,nan,nan,nan,nan,nan,-1.912045889101365902e-03,nan,-4.971319311663502383e-03,-1.108986615678777578e-02,nan,9.177820267686409225e-03,nan,nan
nan,nan,nan,nan,nan,nan,-1.262327416173576397e-02,nan,nan,nan,4.339250493096580286e-03,nan,nan,nan,nan,nan,nan,nan,nan,1.972386587771168993e-03,nan,nan,nan,nan,nan,nan,nan,nan,nan,-3.944773175542449009e-03,nan,nan,nan,nan,nan,nan,nan,-5.917159763313662238e-03,nan,6.706114398422035813e-03,nan,-5.128205128205154222e-03,nan,nan,nan,nan,nan,nan,nan,nan,nan,nan,nan,nan,nan,nan,nan,nan,nan,1.577909270216903926e-03,-2.220446049250313204e-17,nan,7.889546351084764444e-03,nan,nan
nan,nan,nan,nan,nan,nan,1.538461538461535251e-02,nan,nan,nan,3.234714003944769850e-02,nan,nan,nan,nan,nan,nan,nan,nan,1.301775147928989698e-02,nan,nan,nan,nan,nan,nan,nan,nan,nan,1.222879684418141065e-02,nan,nan,nan,nan,nan,nan,nan,8.678500986193249042e-03,nan,nan,nan,1.932938856015775642e-02,nan,3.274161735700194253e-02,nan,nan,nan,nan,nan,nan,nan,nan,nan,nan,nan,nan,nan,nan,nan,6.311637080867793514e-03,1.262327416173567550e-02,nan,2.800788954635100719e-02,nan,nan
nan,nan,nan,nan,nan,nan,5.679513184584172869e-02,nan,nan,nan,2.799188640973626629e-02,nan,nan,nan,nan,nan,nan,nan,nan,nan,nan,nan,nan,nan,nan,nan,nan,nan,nan,3.691683569979711116e-02,nan,nan,nan,nan,nan,nan,nan,nan,nan,4.097363083164293901e-02,nan,5.679513184584172869e-02,nan,nan,2.677484787018249296e-02,nan,nan,nan,nan,nan,nan,nan,nan,nan,nan,nan,nan,nan,nan,8.113590263691650498e-03,1.217038539553747488e-02,nan,7.058823529411757669e-02,nan,3.042596348884376439e-02
nan,nan,nan,nan,nan,nan,-4.536489151873766140e-02,nan,nan,nan,nan,nan,nan,nan,nan,nan,nan,nan,nan,-1.301775147928991780e-02,nan,nan,nan,nan,nan,nan,nan,nan,nan,-3.076923076923075012e-02,nan,nan,nan,nan,nan,nan,nan,nan,-5.285996055226824947e-02,nan,nan,-4.220907297830371607e-02,-7.889546351084807813e-03,nan,-6.666666666666665186e-02,nan,nan,nan,nan,nan,nan,nan,nan,nan,nan,nan,nan,nan,nan,-6.587771203155819155e-02,-6.074950690335305381e-02,nan,-4.181459566074949979e-02,nan,nan
nan,nan,nan,nan,2.563106796116507852e-02,nan,6.407766990291263731e-02,nan,nan,nan,nan,nan,nan,nan,nan,nan,nan,nan,nan,nan,nan,nan,nan,nan,nan,nan,nan,nan,nan,-5.825242718446555293e-03,nan,nan,nan,nan,nan,nan,nan,nan,nan,5.708737864077673141e-02,nan,6.135922330097089844e-02,4.621359223300973429e-02,nan,-7.766990291261822044e-04,nan,nan,nan,nan,nan,nan,nan,nan,nan,nan,nan,nan,nan,nan,-5.048543689320350754e-03,1.592233009708738864e-02,nan,3.650485436893204788e-02,nan,nan
nan,nan,nan,nan,nan,nan,nan,nan,nan,nan,6.896551724137967368e-03,nan,nan,nan,nan,nan,nan,nan,nan,3.326572008113590911e-02,nan,nan,nan,nan,nan,nan,nan,nan,nan,-3.732251521298170921e-02,nan,nan,nan,nan,nan,nan,nan,nan,nan,1.338742393509131413e-02,nan,1.095334685598379175e-02,nan,nan,1.217038539553772034e-03,nan,nan,nan,nan,nan,-6.490872210953324214e-03,nan,nan,nan,nan,nan,nan,nan,nan,8.924949290060889967e-03,2.434077079107544068e-03,nan,6.896551724137967368e-03,nan,nan
nan,nan,nan,nan,nan,nan,nan,nan,nan,nan,nan,nan,nan,nan,nan,nan,nan,nan,nan,-8.659793814433025191e-03,nan,nan,nan,nan,nan,nan,nan,nan,nan,-1.896907216494849585e-02,nan,nan,nan,nan,nan,nan,nan,nan,nan,-6.185567010309344846e-03,nan,-4.123711340206215152e-03,nan,nan,-1.072164948453613320e-02,nan,nan,9.072164948453576711e-03,nan,nan,-1.237113402061851232e-03,nan,nan,-8.247422680412563444e-04,nan,nan,nan,nan,nan,-1.360824742268043099e-02,-3.381443298969073752e-02,nan,nan,nan,nan
nan,nan,nan,nan,5.360000000000005038e-02,nan,nan,nan,nan,nan,nan,nan,nan,nan,nan,nan,nan,nan,nan,nan,nan,nan,nan,nan,nan,nan,nan,nan,nan,4.040000000000003311e-02,nan,nan,nan,nan,nan,nan,nan,1.044000000000000483e-01,9.840000000000008462e-02,nan,nan,9.600000000000007833e-03,nan,nan,7.400000000000006573e-02,nan,nan,nan,nan,nan,-8.000000000000006889e-04,nan,nan,nan,nan,nan,nan,nan,nan,6.720000000000006524e-02,5.000000000000004441e-02,nan,7.920000000000007589e-02,nan,nan
nan,nan,nan,nan,3.776493256262043741e-02,nan,nan,nan,nan,nan,5.934489402697498001e-02,nan,nan,nan,nan,nan,nan,nan,nan,nan,nan,nan,nan,nan,nan,nan,nan,nan,nan,1.078998073217727303e-02,nan,nan,nan,nan,nan,nan,nan,nan,2.157996146435457036e-02,2.196531791907516823e-02,nan,4.238921001926787557e-02,nan,nan,nan,nan,nan,nan,nan,nan,nan,nan,nan,nan,nan,nan,nan,nan,nan,8.092485549132976894e-03,8.092485549132976894e-03,nan,3.082851637764936342e-02,nan,2.312138728323700348e-02
nan,nan,nan,nan,nan,nan,nan,nan,nan,nan,6.035502958579883753e-02,nan,nan,nan,nan,nan,nan,nan,nan,2.603550295857990499e-02,nan,nan,nan,nan,nan,nan,nan,nan,nan,3.944773175542426241e-04,nan,nan,nan,nan,nan,nan,nan,nan,3.944773175542411192e-02,5.641025641025645271e-02,nan,1.735700197238660911e-02,nan,nan,3.155818540433940993e-03,nan,nan,nan,nan,nan,nan,nan,nan,nan,nan,nan,nan,1.814595660749509370e-02,nan,2.130177514792901475e-02,-1.222879684418143320e-02,nan,nan,nan,nan
nan,nan,nan,nan,nan,nan,nan,nan,nan,nan,9.090909090909126897e-03,nan,nan,nan,nan,nan,nan,nan,nan,1.264822134387355579e-02,nan,nan,nan,nan,nan,nan,nan,nan,nan,-7.114624505928812681e-03,nan,nan,nan,nan,nan,nan,nan,2.213438735177866018e-02,nan,nan,nan,1.383399209486169124e-02,nan,nan,nan,nan,nan,nan,nan,nan,-1.462450592885373643e-02,nan,nan,-2.173913043478259421e-02,nan,nan,nan,nan,nan,4.743083003952608574e-03,-2.766798418972293925e-03,nan,1.462450592885380408e-02,nan,nan
nan,nan,nan,nan,-4.116504854368927685e-02,nan,-4.310679611650480858e-02,nan,nan,nan,nan,nan,nan,nan,nan,nan,nan,nan,nan,nan,nan,nan,nan,nan,nan,nan,nan,nan,nan,-6.718446601941745200e-02,nan,nan,nan,nan,-2.485436893203880546e-02,nan,nan,nan,-2.097087378640773853e-02,-2.330097087378613183e-03,nan,-8.388349514563102349e-02,nan,nan,-6.330097087378636078e-02,nan,nan,nan,nan,nan,nan,nan,nan,nan,nan,nan,nan,nan,nan,-2.912621359223295167e-02,-7.378640776699007739e-03,nan,nan,nan,nan
nan,nan,nan,nan,nan,nan,nan,nan,nan,nan,nan,nan,nan,nan,nan,nan,nan,nan,nan,1.992187499999999861e-02,nan,nan,nan,nan,nan,nan,nan,nan,nan,0.000000000000000000e+00,nan,nan,nan,nan,nan,nan,nan,nan,1.992187499999999861e-02,nan,nan,2.148437500000000000e-02,nan,nan,7.812500000000000434e-04,nan,nan,nan,nan,nan,-3.515625000000000087e-03,nan,nan,-7.812500000000000000e-03,nan,nan,nan,nan,nan,2.968749999999999861e-02,1.093749999999999931e-02,nan,1.484374999999999931e-02,nan,nan
nan,nan,nan,nan,nan,nan,nan,nan,nan,nan,4.979253112033177331e-03,nan,nan,nan,nan,nan,nan,nan,nan,-3.734439834024927234e-03,nan,nan,nan,nan,nan,nan,nan,nan,nan,-1.078838174273859599e-02,nan,nan,nan,nan,nan,nan,nan,2.448132780082985446e-02,-7.053941908713712121e-03,nan,nan,3.734439834024860880e-03,nan,nan,nan,nan,nan,nan,nan,nan,nan,nan,nan,nan,nan,nan,nan,1.286307053941906399e-02,nan,-1.576763485477181842e-02,4.149377593360537128e-04,nan,-4.979253112033221566e-03,nan,nan
nan,nan,nan,nan,nan,nan,nan,nan,nan,nan,7.151051625239002174e-02,nan,nan,nan,nan,nan,nan,nan,nan,4.244741873804967064e-02,nan,nan,nan,nan,nan,nan,nan,nan,nan,1.223709369024850169e-02,nan,nan,nan,nan,nan,nan,nan,nan,1.912045889101276997e-03,nan,nan,3.785850860420647557e-02,nan,nan,4.053537284894832837e-02,nan,nan,nan,nan,nan,nan,nan,nan,nan,nan,nan,nan,nan,nan,1.491395793499037357e-02,4.856596558317392148e-02,nan,3.403441682600379103e-02,nan,5.965583173996169553e-02
nan,nan,nan,nan,nan,nan,nan,nan,nan,nan,3.650793650793651007e-02,nan,nan,nan,nan,nan,nan,nan,nan,3.174603174603185442e-03,nan,nan,nan,nan,nan,nan,nan,nan,nan,-9.920634920634885390e-03,nan,nan,nan,nan,nan,nan,nan,1.190476190476190757e-02,8.333333333333326279e-03,3.055555555555557884e-02,nan,7.936507936507908312e-04,nan,nan,nan,nan,nan,nan,nan,nan,nan,nan,nan,nan,nan,nan,nan,nan,nan,6.349206349206326649e-03,-8.730158730158699143e-03,nan,-2.777777777777745791e-03,nan,nan
nan,nan,nan,nan,nan,nan,nan,nan,nan,nan,2.362204724409446704e-02,nan,nan,nan,nan,nan,nan,nan,nan,9.448818897637800349e-03,nan,nan,nan,nan,nan,nan,nan,nan,nan,-4.330708661417314968e-03,nan,nan,nan,nan,nan,nan,nan,nan,2.952755905511810289e-02,5.393700787401574381e-02,nan,2.952755905511810289e-02,5.748031496062990658e-02,nan,nan,nan,nan,nan,nan,nan,nan,nan,nan,nan,nan,nan,nan,nan,nan,4.724409448818888899e-03,1.732283464566930498e-02,nan,1.968503937007875029e-02,nan,nan
nan,nan,nan,nan,nan,nan,4.074074074074076485e-02,nan,nan,nan,1.893004115226342224e-02,nan,nan,nan,nan,nan,nan,nan,nan,nan,nan,nan,nan,nan,nan,nan,nan,nan,nan,-8.641975308641946726e-03,nan,nan,nan,nan,nan,nan,nan,3.703703703703742443e-03,nan,3.168724279835395674e-02,nan,4.238683127572020343e-02,nan,nan,-1.234567901234551179e-03,nan,nan,nan,nan,nan,-5.349794238683069567e-03,nan,nan,nan,nan,nan,nan,nan,nan,2.220446049250313204e-17,-6.995884773662508146e-03,nan,nan,nan,nan
nan,nan,nan,nan,nan,nan,nan,nan,nan,nan,1.255230125523012531e-02,nan,nan,nan,nan,nan,nan,nan,nan,nan,nan,nan,nan,nan,nan,nan,nan,nan,nan,-4.016736401673639406e-02,nan,nan,nan,nan,nan,nan,nan,nan,nan,-1.087866108786610456e-02,nan,-2.008368200836820744e-02,nan,nan,-5.732217573221758122e-02,nan,nan,nan,nan,nan,-3.891213389121339628e-02,nan,nan,nan,nan,nan,nan,-2.761506276150624967e-02,nan,-6.903765690376569009e-02,-9.246861924686193557e-02,nan,-1.589958158995816856e-02,nan,nan
nan,nan,nan,nan,-1.510204081632648965e-02,nan,nan,nan,nan,nan,1.183673469387758193e-02,nan,nan,nan,nan,nan,nan,nan,nan,nan,nan,nan,nan,nan,nan,nan,nan,nan,nan,-7.102040816326526951e-02,nan,nan,nan,nan,nan,nan,nan,6.530612244898014937e-03,-2.530612244897954138e-02,nan,nan,-2.857142857142802497e-03,nan,nan,nan,nan,nan,nan,nan,nan,-4.081632653060607188e-04,nan,nan,nan,nan,nan,nan,nan,nan,-5.591836734693873823e-02,-5.265306122448974030e-02,nan,-2.285714285714279814e-02,nan,nan
nan,nan,nan,nan,nan,nan,nan,nan,nan,nan,nan,nan,nan,nan,nan,nan,nan,nan,nan,1.227722772277228813e-02,nan,nan,nan,nan,nan,nan,nan,nan,nan,-2.138613861386138432e-02,nan,nan,nan,nan,nan,nan,nan,nan,nan,-7.920792079207927827e-04,nan,7.920792079207927827e-03,nan,nan,-1.108910891089109896e-02,nan,nan,nan,nan,nan,-8.316831683168324219e-03,nan,nan,nan,nan,nan,nan,nan,nan,-3.366336633663369327e-02,1.108910891089109896e-02,nan,-3.168316831683171131e-03,nan,2.534653465346536905e-02
nan,nan,nan,nan,nan,nan,nan,nan,nan,nan,nan,nan,nan,nan,nan,nan,nan,nan,nan,7.265469061876243806e-02,nan,nan,nan,nan,nan,nan,nan,nan,nan,1.756487025948101285e-02,nan,nan,nan,nan,nan,nan,nan,nan,nan,5.189620758483030893e-02,nan,3.393213572854290178e-02,nan,nan,nan,nan,nan,nan,nan,nan,1.596806387225524525e-03,nan,nan,nan,nan,nan,nan,6.506986027944110240e-02,nan,9.980039920159656380e-03,3.912175648702591324e-02,nan,2.395209580838324540e-02,nan,3.792415169660678931e-02
nan,nan,nan,nan,nan,nan,nan,nan,nan,nan,nan,nan,nan,nan,nan,nan,nan,nan,nan,7.968127490039833560e-03,nan,nan,nan,nan,nan,nan,nan,nan,nan,0.000000000000000000e+00,nan,nan,nan,nan,nan,nan,nan,nan,-1.195219123505974947e-03,1.992031872509958390e-03,nan,-2.788844621513941833e-03,9.561752988047799579e-03,nan,nan,nan,nan,nan,nan,nan,nan,nan,nan,nan,nan,nan,nan,nan,nan,3.187250996015933337e-03,2.390438247011949895e-03,nan,-7.968127490039833560e-03,nan,7.968127490039833343e-04
nan,nan,nan,nan,nan,nan,5.771543086172350318e-02,nan,nan,nan,5.971943887775556931e-02,nan,nan,nan,nan,nan,nan,nan,nan,nan,nan,nan,nan,nan,nan,nan,nan,nan,nan,6.613226452905818231e-02,nan,nan,nan,nan,nan,nan,nan,nan,6.492985971943894541e-02,nan,nan,1.282565130260522254e-02,nan,nan,nan,nan,nan,nan,nan,nan,3.206412825651305636e-03,nan,nan,nan,nan,nan,nan,nan,nan,4.849699398797600175e-02,1.643286573146294366e-02,nan,6.452905811623250998e-02,nan,8.577154308617236655e-02
nan,nan,nan,nan,nan,nan,2.350515463917530676e-02,nan,nan,nan,3.381443298969077915e-02,nan,nan,nan,nan,nan,nan,nan,nan,1.938144329896911502e-02,nan,nan,nan,nan,nan,nan,nan,nan,nan,-1.773195876288653425e-02,nan,nan,nan,nan,nan,nan,nan,nan,1.113402061855677319e-02,3.917525773195882494e-02,nan,1.072164948453615575e-02,nan,nan,-4.123711340205948872e-04,nan,nan,nan,nan,nan,nan,nan,nan,nan,nan,nan,nan,nan,nan,3.711340206185598147e-03,4.440892098500626408e-17,nan,nan,nan,nan
nan,nan,nan,nan,nan,nan,1.709741550695822315e-02,nan,nan,nan,-1.590457256461252824e-03,nan,nan,nan,nan,nan,nan,nan,nan,nan,nan,nan,nan,nan,nan,nan,nan,nan,nan,5.566600397614318747e-03,nan,nan,nan,nan,nan,nan,nan,nan,1.153081510934390527e-02,nan,nan,1.192842942345921989e-02,nan,nan,nan,nan,nan,nan,nan,nan,-9.940357852882719669e-03,nan,nan,-1.113320079522863749e-02,nan,nan,nan,nan,nan,-3.976143141153109725e-03,-1.272365805168989075e-02,nan,3.101391650099400918e-02,nan,nan
nan,nan,nan,nan,nan,nan,-8.416833667334677402e-03,nan,nan,nan,nan,nan,nan,nan,nan,nan,nan,nan,nan,nan,nan,nan,nan,nan,nan,nan,nan,nan,nan,-1.162324649298598390e-02,nan,nan,nan,nan,nan,nan,nan,-1.162324649298598390e-02,4.408817635270545141e-03,2.404809619238479444e-03,nan,1.402805611222444036e-02,nan,nan,nan,nan,nan,nan,nan,nan,nan,nan,nan,nan,nan,nan,nan,nan,nan,-1.603206412825652818e-03,-1.042084168336674353e-02,nan,3.206412825651305636e-03,nan,-3.206412825651305636e-03
nan,nan,nan,nan,4.079207920792071729e-02,nan,nan,nan,nan,nan,5.663366336633657294e-02,nan,nan,nan,nan,nan,nan,nan,nan,2.811881188118807787e-02,nan,nan,nan,nan,nan,nan,nan,nan,nan,2.891089108910884636e-02,nan,nan,nan,nan,nan,nan,nan,nan,nan,3.445544554455437503e-02,nan,4.118811881188113450e-02,nan,nan,nan,nan,nan,nan,nan,nan,2.376237623762356230e-03,nan,nan,nan,nan,nan,nan,nan,nan,4.752475247524712461e-03,4.356435643564349203e-02,nan,4.079207920792071729e-02,nan,nan
nan,nan,nan,nan,nan,nan,nan,nan,nan,nan,1.979797979797985955e-02,nan,nan,nan,nan,nan,nan,nan,nan,5.252525252525308899e-03,nan,nan,nan,nan,nan,nan,nan,nan,nan,-2.020202020201988975e-03,nan,nan,nan,nan,nan,nan,nan,nan,1.575757575757579312e-02,nan,nan,1.010101010101014350e-02,nan,8.040404040404044994e-02,nan,nan,nan,nan,nan,nan,nan,nan,nan,nan,nan,nan,nan,6.060606060606077081e-03,nan,3.111111111111115532e-02,3.636363636363704015e-03,nan,1.131313131313134088e-02,nan,nan
nan,nan,nan,nan,nan,nan,5.401174168297451228e-02,nan,nan,nan,1.643835616438353922e-02,nan,nan,nan,nan,nan,nan,nan,nan,nan,nan,nan,nan,nan,nan,nan,nan,nan,nan,3.757338551859094877e-02,nan,nan,nan,nan,nan,nan,nan,nan,5.909980430528372075e-02,nan,nan,3.796477495107628691e-02,nan,nan,nan,nan,nan,nan,nan,nan,nan,nan,nan,3.131115459882560705e-03,nan,nan,nan,nan,nan,3.796477495107628691e-02,3.248532289628178887e-02,nan,6.888454011741680649e-02,nan,4.931506849315066277e-02
nan,nan,nan,nan,nan,nan,2.144249512670561714e-02,nan,nan,nan,nan,nan,nan,nan,nan,nan,nan,nan,nan,nan,nan,nan,nan,nan,nan,nan,nan,nan,nan,2.339181286549685095e-03,nan,nan,nan,nan,nan,nan,nan,nan,2.573099415204676069e-02,1.286549707602335779e-02,nan,1.559454191033136060e-02,nan,nan,1.481481481481479109e-02,nan,nan,nan,nan,nan,-5.068226120857733004e-03,nan,nan,nan,nan,nan,nan,nan,nan,7.017543859649100386e-03,2.339181286549685095e-03,nan,3.196881091617931325e-02,nan,nan
nan,nan,nan,nan,8.366533864541825932e-03,nan,3.187250996015933337e-03,nan,nan,nan,1.992031872509958390e-03,nan,nan,nan,nan,nan,nan,nan,nan,nan,nan,nan,nan,nan,nan,nan,nan,nan,nan,-9.163346613545808941e-03,nan,nan,nan,nan,nan,nan,nan,nan,1.593625498007966712e-02,nan,nan,-3.984063745019916672e-04,nan,nan,nan,nan,nan,nan,nan,nan,nan,nan,nan,-7.968127490039833343e-04,nan,nan,nan,nan,nan,1.195219123505974947e-03,-1.075697211155377496e-02,nan,-1.354581673306771636e-02,nan,nan
nan,nan,nan,nan,nan,nan,1.207243460764588841e-02,nan,nan,nan,4.024144869215539938e-04,nan,nan,nan,nan,nan,nan,nan,nan,nan,nan,nan,nan,nan,nan,nan,nan,nan,nan,4.426559356136827543e-03,nan,nan,nan,nan,nan,nan,nan,nan,nan,nan,nan,3.219315895372232457e-03,nan,nan,nan,nan,nan,nan,nan,nan,-6.036217303822910378e-03,nan,nan,-6.438631790744442362e-03,nan,nan,nan,nan,nan,-9.255533199195142835e-03,9.255533199195208754e-03,nan,2.052313883299798983e-02,nan,1.448692152917505603e-02
nan,nan,nan,nan,nan,nan,5.988483685220731545e-02,nan,nan,nan,3.339731285988485621e-02,nan,nan,nan,nan,nan,nan,nan,nan,7.408829174664108286e-02,nan,nan,nan,nan,nan,nan,nan,nan,nan,-1.919385796545069935e-03,nan,nan,nan,nan,nan,nan,nan,nan,nan,6.449136276391558009e-02,nan,2.188099808061418766e-02,nan,nan,5.758157389635342946e-03,nan,nan,nan,nan,nan,nan,nan,nan,nan,nan,nan,nan,nan,nan,1.074856046065260015e-02,2.610364683301347188e-02,nan,2.648752399232245924e-02,nan,nan
nan,nan,nan,nan,nan,nan,2.339181286549685095e-03,nan,nan,nan,nan,nan,nan,nan,nan,nan,nan,nan,nan,-3.118908382066298834e-03,nan,nan,nan,nan,nan,nan,nan,nan,nan,2.105263157894732284e-02,nan,nan,nan,nan,-9.356725146198851401e-03,nan,nan,nan,nan,1.949317738791389500e-03,nan,-1.520467836257310967e-02,nan,nan,nan,nan,nan,nan,nan,nan,nan,nan,3.274853801169586021e-02,nan,nan,nan,nan,nan,nan,-1.286549707602342371e-02,-8.966861598440557107e-03,nan,1.247563352826506176e-02,nan,nan
nan,nan,nan,nan,-3.913894324853561921e-04,nan,nan,nan,nan,nan,nan,nan,nan,nan,nan,nan,nan,nan,nan,nan,nan,nan,nan,nan,nan,nan,nan,nan,nan,-2.465753424657537302e-02,nan,nan,nan,nan,nan,nan,nan,nan,-3.913894324853251297e-03,nan,nan,3.522504892367872391e-03,nan,nan,-1.917808219178083334e-02,nan,nan,nan,nan,nan,nan,nan,nan,-2.583170254403133193e-02,nan,nan,nan,nan,nan,-2.935420743639922600e-02,-5.870841487279854394e-03,nan,7.827788649706457491e-03,nan,7.827788649706434940e-03
nan,nan,nan,nan,nan,nan,3.613963039014378431e-02,nan,nan,nan,1.889117043121153403e-02,nan,nan,nan,nan,nan,nan,nan,nan,nan,nan,nan,nan,nan,nan,nan,nan,nan,nan,4.106776180698190268e-03,nan,nan,nan,nan,nan,nan,nan,nan,nan,6.201232032854213372e-02,nan,5.215605749486658393e-02,nan,nan,nan,nan,nan,nan,nan,nan,nan,nan,nan,nan,nan,nan,nan,2.012320328542096387e-02,nan,5.749486652977453191e-03,3.696098562628380609e-03,nan,3.449691991786452139e-02,nan,1.683778234086250741e-02
nan,nan,nan,nan,nan,nan,nan,nan,nan,nan,-2.626262626262618888e-02,nan,nan,nan,nan,nan,nan,nan,nan,4.040404040404732664e-04,nan,nan,nan,nan,nan,nan,nan,nan,nan,-2.787878787878783626e-02,nan,nan,nan,nan,nan,nan,nan,nan,nan,1.575757575757581394e-02,nan,1.454545454545459401e-02,nan,nan,nan,nan,nan,-3.878787878787872540e-02,nan,nan,nan,nan,nan,nan,nan,nan,nan,nan,nan,-1.737373737373732949e-02,-2.949494949494941773e-02,nan,-8.888888888888835105e-03,nan,1.373737373737378073e-02
nan,nan,nan,nan,nan,nan,nan,nan,nan,nan,nan,nan,nan,nan,nan,nan,nan,nan,nan,nan,nan,nan,nan,nan,nan,nan,nan,nan,nan,-1.699604743083011835e-02,nan,nan,nan,nan,5.928853754940699786e-03,nan,nan,nan,nan,nan,nan,-1.383399209486173634e-02,nan,nan,8.300395256916970679e-03,nan,nan,nan,nan,nan,-3.162055335968450096e-03,nan,nan,-7.905138339921125240e-04,nan,nan,nan,nan,nan,-2.015810276679847954e-02,-3.201581027667987911e-02,nan,-1.304347826086960094e-02,nan,-1.067193675889330749e-02
nan,nan,nan,nan,nan,nan,nan,nan,nan,nan,nan,nan,nan,nan,nan,nan,nan,nan,nan,1.702970297029704483e-02,nan,nan,nan,nan,nan,nan,nan,nan,nan,-1.584158415841585565e-03,nan,nan,nan,nan,nan,nan,nan,nan,-7.128712871287068258e-03,4.752475247524756696e-03,nan,1.742574257425744122e-02,nan,nan,nan,nan,nan,nan,nan,nan,0.000000000000000000e+00,nan,nan,nan,nan,nan,nan,nan,nan,-4.039603960396032090e-02,-3.643564356435637780e-02,nan,1.504950495049506287e-02,nan,2.455445544554457626e-02
nan,nan,nan,nan,6.530612244897949017e-03,nan,1.428571428571423496e-02,nan,nan,nan,2.326530612244894630e-02,nan,nan,nan,nan,nan,nan,nan,nan,nan,nan,nan,nan,nan,nan,nan,nan,nan,nan,-4.775510204081634402e-02,nan,nan,nan,nan,nan,nan,nan,nan,2.040816326530607919e-02,nan,nan,2.693877551020407157e-02,nan,nan,-1.510204081632653475e-02,nan,nan,nan,nan,nan,nan,nan,nan,nan,nan,nan,nan,nan,nan,-2.775510204081634708e-02,-2.897959183673472910e-02,nan,-1.265306122448981406e-02,nan,nan
nan,nan,nan,nan,nan,nan,nan,nan,nan,nan,1.207243460764584331e-02,nan,nan,nan,nan,nan,nan,nan,nan,-4.426559356136871778e-03,nan,nan,nan,nan,nan,nan,nan,nan,nan,-2.012072434607725842e-03,nan,nan,nan,nan,nan,nan,nan,-4.024144869215318110e-03,5.633802816901356710e-03,nan,nan,7.645875251508993213e-03,nan,nan,nan,nan,nan,nan,nan,nan,nan,nan,nan,nan,nan,nan,nan,nan,nan,9.657947686116673952e-03,-3.219315895372298810e-03,nan,4.426559356136760756e-03,nan,8.048289738430525198e-03
nan,nan,nan,nan,nan,nan,2.090729783037474990e-02,nan,nan,nan,2.879684418145957853e-02,nan,nan,nan,nan,nan,nan,nan,nan,nan,nan,nan,nan,nan,nan,nan,nan,nan,nan,1.420118343195266898e-02,nan,nan,nan,nan,nan,nan,nan,1.222879684418145575e-02,8.284023668639072663e-03,2.919132149901382256e-02,nan,5.522682445759374836e-03,nan,nan,nan,nan,nan,nan,nan,nan,nan,nan,nan,nan,nan,nan,nan,nan,nan,-6.706114398422102600e-03,-1.538461538461537506e-02,nan,1.420118343195266898e-02,nan,nan
nan,nan,nan,nan,nan,nan,1.147540983606554210e-02,nan,nan,nan,nan,nan,nan,nan,nan,nan,nan,nan,nan,-1.106557377049182181e-02,nan,nan,nan,nan,nan,nan,nan,nan,nan,-4.918032786885295771e-03,nan,nan,nan,nan,nan,nan,nan,nan,-3.934426229508201228e-02,4.508196721311419353e-03,nan,-2.704918032786889429e-02,nan,nan,-3.114754098360659335e-02,nan,nan,nan,nan,nan,nan,nan,nan,nan,nan,nan,nan,nan,nan,-5.286885245901642300e-02,-2.090163934426230233e-02,nan,-2.295081967213119523e-02,nan,nan
nan,nan,nan,nan,nan,nan,6.072874493927129386e-02,nan,nan,nan,nan,nan,nan,nan,nan,nan,nan,nan,nan,nan,nan,nan,nan,nan,nan,nan,nan,nan,nan,1.093117408906887390e-02,nan,nan,nan,nan,nan,nan,nan,1.295546558704456855e-02,nan,4.129554655870450869e-02,nan,4.453441295546567077e-03,nan,nan,-4.048582995951388423e-03,nan,nan,nan,nan,nan,3.805668016194337089e-02,nan,nan,4.008097165991906380e-02,nan,nan,nan,nan,nan,2.064777327935229945e-02,3.319838056680166766e-02,nan,nan,nan,nan
nan,nan,nan,nan,7.134502923976604460e-02,nan,nan,nan,nan,nan,2.027290448343077589e-02,nan,nan,nan,nan,nan,nan,nan,nan,5.925925925925921295e-02,nan,nan,nan,nan,nan,nan,nan,nan,nan,2.066276803118904937e-02,nan,nan,nan,nan,nan,nan,nan,nan,nan,nan,nan,4.639376218323585516e-02,nan,nan,7.797270955165469530e-04,nan,nan,nan,nan,nan,nan,nan,nan,nan,nan,nan,nan,nan,nan,1.013645224171535499e-02,4.639376218323583434e-02,nan,3.196881091617931325e-02,nan,3.001949317738787995e-02
nan,nan,nan,nan,nan,nan,nan,nan,nan,nan,1.073558648111339053e-02,nan,nan,nan,nan,nan,nan,nan,nan,2.385685884691901570e-03,nan,nan,nan,nan,nan,nan,nan,nan,nan,-3.737574552683890772e-02,nan,nan,nan,nan,nan,nan,nan,nan,4.771371769383758905e-03,nan,nan,9.145129224652114724e-03,nan,nan,nan,nan,nan,nan,nan,nan,-1.669980119284288772e-02,nan,nan,nan,nan,nan,nan,nan,nan,-2.027833001988066375e-02,-3.578528827037730058e-03,nan,8.349900596421511514e-03,nan,7.952286282306198634e-03
nan,nan,nan,nan,nan,nan,nan,nan,nan,nan,nan,nan,nan,nan,nan,nan,nan,nan,nan,nan,nan,nan,nan,nan,nan,nan,nan,nan,nan,-2.213438735177866018e-02,nan,nan,nan,nan,1.976284584980236847e-02,nan,nan,nan,nan,-2.766798418972331655e-02,nan,-1.581027667984202714e-03,nan,nan,1.185770750988157565e-03,nan,nan,4.743083003952541787e-03,nan,nan,-1.185770750988135447e-03,nan,nan,nan,nan,nan,nan,nan,nan,-5.138339920948653723e-03,-3.438735177865612919e-02,nan,-2.569169960474309081e-02,nan,nan
nan,nan,nan,nan,nan,nan,6.610878661087871144e-02,nan,nan,nan,nan,nan,nan,nan,nan,nan,nan,nan,nan,-9.205020920502061249e-03,nan,nan,nan,nan,nan,nan,nan,nan,nan,3.765690376569086166e-03,nan,nan,nan,nan,nan,nan,nan,nan,-1.129707112970708069e-02,nan,nan,1.464435146443518986e-02,nan,nan,nan,nan,nan,nan,nan,nan,4.184100418410663380e-04,nan,nan,nan,nan,nan,nan,5.313807531380758398e-02,nan,-2.510460251045976057e-03,3.807531380753141625e-02,nan,2.092050209205025338e-02,nan,nan
nan,nan,nan,nan,2.037735849056609982e-02,nan,2.075471698113216107e-02,nan,nan,nan,2.301886792452838629e-02,nan,nan,nan,nan,nan,nan,nan,nan,1.660377358490572330e-02,nan,nan,nan,nan,nan,nan,nan,nan,nan,-5.132075471698112346e-02,nan,nan,nan,nan,nan,nan,nan,nan,nan,3.396226415094338695e-03,nan,-1.622641509433962043e-02,nan,nan,nan,nan,nan,nan,nan,nan,nan,nan,nan,nan,nan,nan,nan,nan,nan,-3.132075471698112651e-02,-3.471698113207546260e-02,nan,-2.943396226415091396e-02,nan,nan
nan,nan,nan,nan,7.221095334685603828e-02,nan,6.815415821501016880e-02,nan,nan,nan,7.383367139959433334e-02,nan,nan,nan,nan,nan,nan,nan,nan,nan,nan,nan,nan,nan,nan,nan,nan,nan,nan,-1.095334685598374838e-02,nan,nan,nan,nan,nan,nan,nan,nan,nan,3.732251521298175778e-02,nan,5.557809330628804556e-02,nan,nan,1.217038539553794152e-03,nan,nan,nan,nan,nan,nan,nan,nan,nan,nan,nan,nan,nan,nan,-4.056795131845846933e-03,4.300202839756595008e-02,nan,9.208924949290064887e-02,nan,nan
nan,nan,nan,nan,nan,nan,nan,nan,nan,nan,1.799163179916320882e-02,nan,nan,nan,nan,nan,nan,nan,nan,2.092050209205065410e-03,nan,nan,nan,nan,nan,nan,nan,nan,nan,-6.945606694560665928e-02,nan,nan,nan,nan,nan,nan,nan,nan,2.384937238493727366e-02,8.786610878661105933e-03,nan,-1.422594142259410097e-02,nan,nan,nan,nan,nan,-6.359832635983261873e-02,nan,nan,nan,nan,nan,nan,nan,nan,nan,nan,nan,-5.146443514644349904e-02,-1.966527196652718620e-02,nan,-2.050209205020916275e-02,nan,nan
nan,nan,nan,nan,nan,nan,1.590457256461228625e-02,nan,nan,nan,nan,nan,nan,nan,nan,nan,nan,nan,nan,2.385685884691841549e-02,nan,nan,nan,nan,nan,nan,nan,nan,nan,1.630218687872759739e-02,nan,nan,nan,nan,nan,nan,nan,3.101391650099398836e-02,nan,nan,nan,1.948310139165005880e-02,nan,2.743538767395621233e-02,nan,nan,nan,nan,nan,nan,2.385685884691812666e-03,nan,nan,nan,nan,nan,nan,nan,nan,1.232604373757451022e-02,1.232604373757448767e-02,nan,2.147117296222657984e-02,nan,nan
nan,nan,nan,nan,nan,nan,nan,nan,nan,nan,-1.481481481481477028e-02,nan,nan,nan,nan,nan,nan,nan,nan,nan,nan,nan,nan,nan,nan,nan,nan,nan,nan,-2.456140350877191597e-02,nan,nan,nan,nan,nan,nan,nan,nan,nan,-1.442495126705649680e-02,nan,-4.210526315789468732e-02,nan,nan,nan,nan,nan,nan,nan,nan,-1.247563352826506176e-02,nan,nan,-3.235867446393756591e-02,nan,nan,nan,-1.676413255360620358e-02,nan,-6.900584795321633436e-02,-3.001949317738787995e-02,nan,-3.391812865497072227e-02,nan,nan
nan,nan,nan,nan,4.294234592445327070e-02,nan,nan,nan,nan,nan,4.691848906560636134e-02,nan,nan,nan,nan,nan,nan,nan,nan,nan,nan,nan,nan,nan,nan,nan,nan,nan,nan,2.220446049250313204e-17,nan,nan,nan,nan,nan,nan,nan,nan,6.361829025844945376e-03,3.578528827037774640e-02,nan,1.590457256461252824e-03,nan,nan,nan,nan,nan,nan,nan,nan,nan,nan,nan,nan,nan,nan,nan,nan,nan,3.976143141153065490e-03,7.952286282306176082e-03,nan,2.743538767395623662e-02,nan,1.073558648111334543e-02
nan,nan,nan,nan,nan,nan,1.714285714285717147e-02,nan,nan,nan,4.114285714285712686e-02,nan,nan,nan,nan,nan,nan,nan,nan,2.628571428571429072e-02,nan,nan,nan,nan,nan,nan,nan,nan,nan,nan,nan,nan,nan,nan,nan,nan,nan,nan,6.095238095238109284e-03,3.123809523809524188e-02,nan,3.276190476190476986e-02,nan,nan,nan,nan,nan,nan,nan,nan,nan,nan,nan,-1.523809523809504986e-03,nan,nan,nan,5.333333333333345298e-03,nan,-4.952380952380930346e-03,2.438095238095239203e-02,nan,nan,nan,nan
nan,nan,nan,nan,nan,nan,nan,nan,nan,nan,-2.723735408560301607e-03,nan,nan,nan,nan,nan,nan,nan,nan,nan,nan,nan,nan,nan,nan,nan,nan,nan,nan,0.000000000000000000e+00,nan,nan,nan,nan,nan,nan,nan,4.941634241245136672e-02,4.202334630350192807e-02,nan,nan,3.891050583657584827e-02,nan,nan,nan,nan,nan,nan,nan,nan,1.128404669260700890e-02,nan,nan,2.529182879377431942e-02,nan,nan,nan,nan,nan,5.136186770428015358e-02,3.190661478599219475e-02,nan,3.190661478599219475e-02,nan,nan
nan,nan,nan,nan,nan,nan,nan,nan,nan,nan,1.866125760649084420e-02,nan,nan,nan,nan,nan,nan,nan,nan,nan,nan,nan,nan,nan,nan,nan,nan,nan,nan,-1.703853955375256302e-02,nan,nan,nan,nan,nan,nan,nan,nan,9.330628803245399547e-03,nan,nan,8.924949290060846599e-03,nan,nan,nan,nan,nan,-4.868154158215021350e-03,nan,nan,-3.651115618661293551e-03,nan,nan,nan,nan,nan,nan,nan,nan,8.113590263691073052e-04,-4.056795131846424487e-04,nan,-1.622718052738370085e-03,nan,1.541582150101417081e-02
nan,nan,nan,nan,nan,nan,2.366863905325455961e-03,nan,nan,nan,-1.380670611439842668e-02,nan,nan,nan,nan,nan,nan,nan,nan,9.861932938856043593e-03,nan,nan,nan,nan,nan,nan,nan,nan,nan,-1.025641025641026507e-02,nan,nan,nan,nan,-5.917159763313617135e-03,nan,nan,nan,nan,nan,nan,-3.037475345167655119e-02,nan,nan,nan,nan,nan,nan,nan,nan,-4.181459566074952061e-02,nan,nan,nan,nan,nan,nan,nan,nan,-2.366863905325455961e-03,7.889546351084631304e-04,nan,-3.037475345167652691e-02,nan,nan
